Chile, Life tables (period 5x1), Females	Last modified: 12 Jan 2026;  Methods Protocol: v6 (2017)

  Year          Age         mx       qx    ax      lx      dx      Lx       Tx     ex
  1992           0      0.01384  0.01368  0.12  100000    1368   98797  7747887  77.48
  1992         1-4      0.00061  0.00243  1.44   98632     240  393915  7649090  77.55
  1992         5-9      0.00024  0.00118  2.44   98392     116  491665  7255175  73.74
  1992        10-14     0.00021  0.00106  2.71   98276     104  491143  6763510  68.82
  1992        15-19     0.00039  0.00194  2.55   98172     190  490394  6272367  63.89
  1992        20-24     0.00047  0.00234  2.47   97982     229  489331  5781973  59.01
  1992        25-29     0.00053  0.00266  2.53   97753     260  488122  5292642  54.14
  1992        30-34     0.00063  0.00317  2.70   97493     309  486753  4804521  49.28
  1992        35-39     0.00108  0.00540  2.69   97184     525  484705  4317767  44.43
  1992        40-44     0.00169  0.00843  2.75   96659     815  481456  3833062  39.66
  1992        45-49     0.00265  0.01316  2.67   95844    1262  476283  3351606  34.97
  1992        50-54     0.00420  0.02080  2.65   94582    1968  468287  2875323  30.40
  1992        55-59     0.00665  0.03272  2.65   92614    3030  455959  2407036  25.99
  1992        60-64     0.01039  0.05076  2.73   89584    4547  437618  1951077  21.78
  1992        65-69     0.01760  0.08463  2.73   85037    7196  408836  1513459  17.80
  1992        70-74     0.02888  0.13515  2.63   77840   10520  364238  1104623  14.19
  1992        75-79     0.04843  0.21683  2.59   67320   14597  301394   740386  11.00
  1992        80-84     0.07684  0.32359  2.56   52723   17061  222042   438992   8.33
  1992        85-89     0.12407  0.47110  2.45   35663   16801  135413   216950   6.08
  1992        90-94     0.20036  0.64278  2.21   18862   12124   60511    81537   4.32
  1992        95-99     0.30015  0.79538  2.05    6738    5359   17855    21026   3.12
  1992       100-104    0.42372  0.89686  1.79    1379    1236    2918     3171   2.30
  1992       105-109    0.55802  0.95127  1.54     142     135     242      253   1.78
  1992       110+       0.66627  1.00000  1.50       7       7      10       10   1.50
  1993           0      0.01241  0.01228  0.12  100000    1228   98924  7765902  77.66
  1993         1-4      0.00058  0.00232  1.39   98772     229  394493  7666978  77.62
  1993         5-9      0.00023  0.00115  2.26   98543     114  492406  7272486  73.80
  1993        10-14     0.00023  0.00115  2.53   98430     113  491869  6780080  68.88
  1993        15-19     0.00037  0.00186  2.54   98316     183  491131  6288211  63.96
  1993        20-24     0.00041  0.00204  2.43   98133     200  490152  5797080  59.07
  1993        25-29     0.00049  0.00246  2.56   97933     241  489077  5306928  54.19
  1993        30-34     0.00063  0.00316  2.55   97692     309  487704  4817852  49.32
  1993        35-39     0.00108  0.00537  2.70   97384     523  485714  4330148  44.46
  1993        40-44     0.00158  0.00785  2.61   96861     761  482487  3844433  39.69
  1993        45-49     0.00282  0.01399  2.64   96100    1344  477324  3361947  34.98
  1993        50-54     0.00433  0.02144  2.64   94756    2031  468994  2884623  30.44
  1993        55-59     0.00642  0.03161  2.70   92725    2931  456871  2415630  26.05
  1993        60-64     0.01032  0.05040  2.70   89794    4525  438573  1958759  21.81
  1993        65-69     0.01690  0.08128  2.65   85268    6931  410075  1520186  17.83
  1993        70-74     0.02835  0.13272  2.60   78338   10397  366685  1110110  14.17
  1993        75-79     0.04962  0.22182  2.61   67941   15071  303744   743426  10.94
  1993        80-84     0.07561  0.31881  2.54   52870   16855  222934   439681   8.32
  1993        85-89     0.12726  0.48047  2.45   36015   17304  135970   216748   6.02
  1993        90-94     0.20169  0.64969  2.26   18711   12156   60270    80778   4.32
  1993        95-99     0.29926  0.79435  2.05    6555    5207   17398    20508   3.13
  1993       100-104    0.42244  0.89609  1.79    1348    1208    2859     3109   2.31
  1993       105-109    0.55646  0.95083  1.54     140     133     239      250   1.78
  1993       110+       0.66460  1.00000  1.50       7       7      10       10   1.50
  1994           0      0.01180  0.01168  0.12  100000    1168   98978  7819069  78.19
  1994         1-4      0.00049  0.00195  1.52   98832     193  394851  7720091  78.11
  1994         5-9      0.00023  0.00113  2.26   98640     112  492891  7325239  74.26
  1994        10-14     0.00022  0.00109  2.59   98528     108  492379  6832348  69.34
  1994        15-19     0.00035  0.00173  2.29   98420     170  491639  6339969  64.42
  1994        20-24     0.00039  0.00192  2.59   98250     189  490794  5848329  59.52
  1994        25-29     0.00045  0.00226  2.63   98061     221  489780  5357535  54.63
  1994        30-34     0.00060  0.00299  2.56   97840     292  488485  4867755  49.75
  1994        35-39     0.00103  0.00513  2.73   97547     501  486597  4379270  44.89
  1994        40-44     0.00167  0.00832  2.73   97046     807  483401  3892672  40.11
  1994        45-49     0.00286  0.01419  2.63   96239    1366  477958  3409271  35.43
  1994        50-54     0.00427  0.02112  2.66   94874    2004  469670  2931313  30.90
  1994        55-59     0.00659  0.03244  2.67   92870    3013  457341  2461643  26.51
  1994        60-64     0.01031  0.05032  2.66   89857    4521  438686  2004302  22.31
  1994        65-69     0.01622  0.07820  2.72   85336    6673  411476  1565616  18.35
  1994        70-74     0.02685  0.12623  2.64   78663    9929  369874  1154140  14.67
  1994        75-79     0.04427  0.20069  2.68   68733   13794  311610   784266  11.41
  1994        80-84     0.07205  0.30616  2.55   54939   16820  233467   472656   8.60
  1994        85-89     0.12177  0.46574  2.48   38119   17754  145800   239189   6.27
  1994        90-94     0.18663  0.61936  2.29   20365   12613   67586    93389   4.59
  1994        95-99     0.27859  0.76909  2.09    7752    5962   21400    25803   3.33
  1994       100-104    0.39395  0.87775  1.84    1790    1571    3988     4403   2.46
  1994       105-109    0.52257  0.94027  1.60     219     206     394      415   1.89
  1994       110+       0.62840  1.00000  1.59      13      13      21       21   1.59
  1995           0      0.01051  0.01042  0.13  100000    1042   99091  7823844  78.24
  1995         1-4      0.00066  0.00263  1.47   98958     261  395173  7724753  78.06
  1995         5-9      0.00021  0.00102  2.39   98698     101  493224  7329580  74.26
  1995        10-14     0.00024  0.00122  2.65   98596     120  492699  6836356  69.34
  1995        15-19     0.00033  0.00163  2.61   98476     160  491998  6343657  64.42
  1995        20-24     0.00040  0.00200  2.44   98316     197  491077  5851660  59.52
  1995        25-29     0.00048  0.00238  2.59   98119     234  490034  5360582  54.63
  1995        30-34     0.00062  0.00308  2.71   97886     302  488737  4870548  49.76
  1995        35-39     0.00108  0.00536  2.65   97584     523  486687  4381811  44.90
  1995        40-44     0.00159  0.00791  2.77   97061     768  483590  3895124  40.13
  1995        45-49     0.00264  0.01310  2.76   96292    1261  478636  3411534  35.43
  1995        50-54     0.00411  0.02036  2.74   95031    1934  470784  2932898  30.86
  1995        55-59     0.00643  0.03167  2.62   93097    2949  458461  2462114  26.45
  1995        60-64     0.01075  0.05243  2.68   90148    4727  439794  2003653  22.23
  1995        65-69     0.01579  0.07615  2.66   85421    6505  411868  1563859  18.31
  1995        70-74     0.02842  0.13329  2.67   78916   10518  370087  1151991  14.60
  1995        75-79     0.04446  0.20139  2.67   68398   13775  309854   781904  11.43
  1995        80-84     0.07141  0.30420  2.57   54623   16616  232686   472051   8.64
  1995        85-89     0.11968  0.45876  2.46   38007   17436  145693   239365   6.30
  1995        90-94     0.18873  0.62347  2.28   20571   12825   67954    93672   4.55
  1995        95-99     0.27926  0.77010  2.09    7746    5965   21359    25718   3.32
  1995       100-104    0.39600  0.87928  1.84    1781    1566    3954     4359   2.45
  1995       105-109    0.52604  0.94151  1.59     215     202     385      405   1.88
  1995       110+       0.63288  1.00000  1.58      13      13      20       20   1.58
  1996           0      0.01070  0.01061  0.13  100000    1061   99074  7860863  78.61
  1996         1-4      0.00045  0.00178  1.51   98939     176  395319  7761789  78.45
  1996         5-9      0.00020  0.00098  2.33   98763      97  493558  7366469  74.59
  1996        10-14     0.00022  0.00108  2.62   98667     106  493080  6872911  69.66
  1996        15-19     0.00033  0.00167  2.77   98561     164  492437  6379830  64.73
  1996        20-24     0.00038  0.00187  2.54   98396     184  491527  5887393  59.83
  1996        25-29     0.00045  0.00227  2.70   98212     223  490547  5395866  54.94
  1996        30-34     0.00069  0.00346  2.76   97989     339  489186  4905319  50.06
  1996        35-39     0.00095  0.00474  2.84   97651     463  487254  4416133  45.22
  1996        40-44     0.00147  0.00732  2.68   97187     711  484286  3928879  40.43
  1996        45-49     0.00252  0.01253  2.75   96476    1209  479664  3444593  35.70
  1996        50-54     0.00416  0.02059  2.66   95267    1962  471748  2964929  31.12
  1996        55-59     0.00592  0.02920  2.60   93306    2724  459999  2493181  26.72
  1996        60-64     0.00984  0.04808  2.62   90581    4355  442548  2033183  22.45
  1996        65-69     0.01574  0.07584  2.61   86227    6540  415532  1590635  18.45
  1996        70-74     0.02651  0.12478  2.65   79687    9943  375020  1175103  14.75
  1996        75-79     0.04354  0.19736  2.63   69744   13764  316156   800083  11.47
  1996        80-84     0.07184  0.30593  2.58   55979   17126  238381   483927   8.64
  1996        85-89     0.12056  0.46154  2.46   38854   17932  148739   245546   6.32
  1996        90-94     0.18452  0.61408  2.28   20921   12847   69625    96807   4.63
  1996        95-99     0.27498  0.76435  2.10    8074    6171   22442    27182   3.37
  1996       100-104    0.38858  0.87393  1.85    1903    1663    4279     4739   2.49
  1996       105-109    0.51576  0.93788  1.61     240     225     436      460   1.92
  1996       110+       0.62076  1.00000  1.61      15      15      24       24   1.61
  1997           0      0.00953  0.00945  0.13  100000     945   99177  7907751  79.08
  1997         1-4      0.00048  0.00194  1.84   99055     192  395806  7808574  78.83
  1997         5-9      0.00022  0.00111  2.38   98863     110  494030  7412767  74.98
  1997        10-14     0.00026  0.00128  2.40   98754     126  493440  6918737  70.06
  1997        15-19     0.00036  0.00181  2.57   98627     178  492705  6425298  65.15
  1997        20-24     0.00039  0.00197  2.60   98449     194  491780  5932593  60.26
  1997        25-29     0.00044  0.00219  2.73   98255     215  490787  5440813  55.37
  1997        30-34     0.00061  0.00306  2.67   98040     300  489501  4950026  50.49
  1997        35-39     0.00089  0.00446  2.60   97740     436  487652  4460525  45.64
  1997        40-44     0.00146  0.00730  2.69   97304     710  484882  3972873  40.83
  1997        45-49     0.00232  0.01156  2.75   96594    1117  480451  3487991  36.11
  1997        50-54     0.00391  0.01936  2.59   95477    1848  472935  3007540  31.50
  1997        55-59     0.00606  0.02987  2.69   93629    2797  461695  2534605  27.07
  1997        60-64     0.00917  0.04490  2.70   90832    4079  444766  2072910  22.82
  1997        65-69     0.01511  0.07300  2.71   86753    6333  419268  1628144  18.77
  1997        70-74     0.02494  0.11785  2.67   80420    9477  380032  1208876  15.03
  1997        75-79     0.04055  0.18488  2.62   70943   13116  323443   828844  11.68
  1997        80-84     0.06680  0.28755  2.58   57826   16628  248904   505401   8.74
  1997        85-89     0.11828  0.45560  2.48   41199   18770  158693   256498   6.23
  1997        90-94     0.19783  0.64524  2.31   22429   14472   73153    97804   4.36
  1997        95-99     0.30161  0.79840  2.05    7957    6353   21063    24651   3.10
  1997       100-104    0.43618  0.90485  1.77    1604    1451    3328     3588   2.24
  1997       105-109    0.58151  0.95785  1.50     153     146     251      261   1.71
  1997       110+       0.69675  1.00000  1.44       6       6       9        9   1.44
  1998           0      0.00987  0.00978  0.13  100000     978   99148  7905149  79.05
  1998         1-4      0.00049  0.00197  1.77   99022     196  395650  7806001  78.83
  1998         5-9      0.00021  0.00103  2.33   98826     102  493858  7410351  74.98
  1998        10-14     0.00019  0.00094  2.53   98724      93  493391  6916493  70.06
  1998        15-19     0.00032  0.00158  2.79   98631     156  492811  6423102  65.12
  1998        20-24     0.00035  0.00175  2.31   98475     172  491913  5930292  60.22
  1998        25-29     0.00041  0.00206  2.53   98303     203  491013  5438379  55.32
  1998        30-34     0.00059  0.00295  2.65   98100     290  489820  4947366  50.43
  1998        35-39     0.00090  0.00448  2.66   97810     438  488026  4457546  45.57
  1998        40-44     0.00135  0.00675  2.64   97372     657  485307  3969520  40.77
  1998        45-49     0.00233  0.01159  2.66   96715    1120  480953  3484214  36.03
  1998        50-54     0.00385  0.01907  2.72   95594    1823  473819  3003260  31.42
  1998        55-59     0.00587  0.02896  2.65   93771    2716  462459  2529441  26.97
  1998        60-64     0.00928  0.04544  2.71   91055    4138  445819  2066982  22.70
  1998        65-69     0.01447  0.06992  2.61   86917    6077  420071  1621163  18.65
  1998        70-74     0.02486  0.11750  2.68   80840    9499  382142  1201092  14.86
  1998        75-79     0.04260  0.19292  2.55   71342   13763  323057   818950  11.48
  1998        80-84     0.06933  0.29645  2.56   57579   17069  246201   495893   8.61
  1998        85-89     0.12016  0.46206  2.50   40510   18718  155773   249692   6.16
  1998        90-94     0.20072  0.64803  2.27   21792   14122   70356    93918   4.31
  1998        95-99     0.30476  0.80171  2.04    7670    6149   20177    23563   3.07
  1998       100-104    0.43846  0.90592  1.76    1521    1378    3142     3386   2.23
  1998       105-109    0.58239  0.95799  1.50     143     137     235      244   1.71
  1998       110+       0.69645  1.00000  1.44       6       6       9        9   1.44
  1999           0      0.00952  0.00944  0.13  100000     944   99178  7918469  79.18
  1999         1-4      0.00044  0.00177  1.72   99056     176  395821  7819291  78.94
  1999         5-9      0.00019  0.00096  2.50   98880      95  494163  7423469  75.08
  1999        10-14     0.00016  0.00078  2.73   98785      77  493751  6929306  70.15
  1999        15-19     0.00032  0.00159  2.61   98708     157  493166  6435555  65.20
  1999        20-24     0.00041  0.00206  2.60   98551     203  492269  5942389  60.30
  1999        25-29     0.00045  0.00226  2.74   98348     222  491241  5450120  55.42
  1999        30-34     0.00059  0.00296  2.61   98126     291  489938  4958879  50.54
  1999        35-39     0.00080  0.00399  2.65   97836     390  488261  4468940  45.68
  1999        40-44     0.00140  0.00700  2.72   97446     682  485676  3980679  40.85
  1999        45-49     0.00228  0.01132  2.68   96764    1095  481282  3495003  36.12
  1999        50-54     0.00371  0.01841  2.69   95669    1761  474270  3013721  31.50
  1999        55-59     0.00574  0.02831  2.73   93908    2659  463495  2539452  27.04
  1999        60-64     0.00842  0.04129  2.74   91249    3768  447711  2075957  22.75
  1999        65-69     0.01492  0.07206  2.63   87481    6304  422482  1628246  18.61
  1999        70-74     0.02389  0.11314  2.67   81177    9184  384484  1205764  14.85
  1999        75-79     0.04173  0.18993  2.64   71993   13674  327655   821280  11.41
  1999        80-84     0.07169  0.30541  2.58   58320   17812  248447   493625   8.46
  1999        85-89     0.12337  0.46978  2.46   40508   19030  154249   245178   6.05
  1999        90-94     0.20459  0.65853  2.30   21478   14144   69133    90929   4.23
  1999        95-99     0.31666  0.81465  2.02    7334    5975   18868    21796   2.97
  1999       100-104    0.45444  0.91419  1.73    1359    1243    2735     2928   2.15
  1999       105-109    0.60043  0.96212  1.47     117     112     187      193   1.66
  1999       110+       0.71444  1.00000  1.40       4       4       6        6   1.40
  2000           0      0.00908  0.00901  0.13  100000     901   99216  7993574  79.94
  2000         1-4      0.00035  0.00140  1.70   99099     139  396075  7894358  79.66
  2000         5-9      0.00019  0.00096  2.42   98960      95  494554  7498283  75.77
  2000        10-14     0.00018  0.00092  2.58   98865      91  494103  7003729  70.84
  2000        15-19     0.00031  0.00154  2.71   98774     152  493522  6509625  65.90
  2000        20-24     0.00036  0.00179  2.61   98622     176  492687  6016104  61.00
  2000        25-29     0.00041  0.00203  2.53   98445     200  491733  5523416  56.11
  2000        30-34     0.00055  0.00274  2.72   98245     269  490612  5031683  51.22
  2000        35-39     0.00082  0.00410  2.71   97976     402  488961  4541071  46.35
  2000        40-44     0.00128  0.00638  2.65   97574     623  486408  4052111  41.53
  2000        45-49     0.00210  0.01046  2.75   96951    1015  482470  3565703  36.78
  2000        50-54     0.00353  0.01753  2.78   95937    1682  475951  3083233  32.14
  2000        55-59     0.00542  0.02674  2.63   94255    2520  465304  2607283  27.66
  2000        60-64     0.00856  0.04196  2.63   91735    3850  449561  2141979  23.35
  2000        65-69     0.01416  0.06851  2.65   87886    6021  425256  1692418  19.26
  2000        70-74     0.02208  0.10482  2.60   81865    8581  388689  1267162  15.48
  2000        75-79     0.03991  0.18234  2.63   73284   13362  334780   878473  11.99
  2000        80-84     0.06139  0.26764  2.61   59921   16037  261241   543693   9.07
  2000        85-89     0.10970  0.43065  2.51   43884   18899  172275   282452   6.44
  2000        90-94     0.19240  0.63474  2.32   24985   15859   82429   110177   4.41
  2000        95-99     0.30741  0.80611  2.05    9126    7357   23932    27748   3.04
  2000       100-104    0.45336  0.91457  1.74    1769    1618    3570     3816   2.16
  2000       105-109    0.60886  0.96431  1.46     151     146     239      247   1.63
  2000       110+       0.72917  1.00000  1.37       5       5       7        7   1.37
  2001           0      0.00840  0.00834  0.13  100000     834   99276  7984764  79.85
  2001         1-4      0.00044  0.00177  1.53   99166     175  396230  7885488  79.52
  2001         5-9      0.00020  0.00100  2.43   98991      99  494699  7489258  75.66
  2001        10-14     0.00020  0.00101  2.90   98892     100  494250  6994559  70.73
  2001        15-19     0.00029  0.00146  2.55   98792     144  493609  6500309  65.80
  2001        20-24     0.00035  0.00176  2.52   98648     174  492810  6006700  60.89
  2001        25-29     0.00049  0.00244  2.43   98474     240  491754  5513890  55.99
  2001        30-34     0.00059  0.00293  2.85   98234     288  490553  5022136  51.12
  2001        35-39     0.00083  0.00415  2.55   97946     406  488737  4531583  46.27
  2001        40-44     0.00136  0.00677  2.81   97540     661  486255  4042846  41.45
  2001        45-49     0.00216  0.01075  2.70   96879    1042  482003  3556591  36.71
  2001        50-54     0.00350  0.01738  2.77   95838    1665  475482  3074588  32.08
  2001        55-59     0.00574  0.02833  2.66   94172    2668  464623  2599106  27.60
  2001        60-64     0.00861  0.04221  2.62   91505    3862  448341  2134483  23.33
  2001        65-69     0.01434  0.06944  2.72   87642    6086  424311  1686141  19.24
  2001        70-74     0.02218  0.10528  2.59   81557    8586  387070  1261831  15.47
  2001        75-79     0.03926  0.17971  2.65   72971   13113  334024   874760  11.99
  2001        80-84     0.06345  0.27508  2.58   59857   16466  259515   540736   9.03
  2001        85-89     0.11040  0.43362  2.53   43392   18815  170435   281221   6.48
  2001        90-94     0.18974  0.63179  2.36   24576   15527   81833   110786   4.51
  2001        95-99     0.29020  0.78537  2.08    9049    7107   24490    28953   3.20
  2001       100-104    0.42353  0.89794  1.79    1942    1744    4118     4463   2.30
  2001       105-109    0.56954  0.95498  1.52     198     189     332      345   1.74
  2001       110+       0.68641  1.00000  1.46       9       9      13       13   1.46
  2002           0      0.00752  0.00747  0.13  100000     747   99353  8041337  80.41
  2002         1-4      0.00046  0.00183  1.57   99253     181  396572  7941984  80.02
  2002         5-9      0.00017  0.00085  2.38   99072      84  495140  7545411  76.16
  2002        10-14     0.00018  0.00090  2.48   98988      89  494717  7050271  71.22
  2002        15-19     0.00027  0.00136  2.55   98899     134  494169  6555555  66.29
  2002        20-24     0.00036  0.00179  2.72   98765     177  493425  6061386  61.37
  2002        25-29     0.00042  0.00208  2.63   98589     205  492457  5567961  56.48
  2002        30-34     0.00048  0.00238  2.77   98384     234  491397  5075504  51.59
  2002        35-39     0.00074  0.00368  2.69   98150     361  489914  4584108  46.71
  2002        40-44     0.00123  0.00611  2.59   97789     598  487506  4094194  41.87
  2002        45-49     0.00212  0.01055  2.60   97191    1025  483491  3606688  37.11
  2002        50-54     0.00334  0.01656  2.70   96166    1592  477164  3123196  32.48
  2002        55-59     0.00544  0.02685  2.67   94574    2539  466959  2646032  27.98
  2002        60-64     0.00847  0.04153  2.62   92035    3822  451069  2179073  23.68
  2002        65-69     0.01367  0.06626  2.72   88213    5845  427722  1728004  19.59
  2002        70-74     0.02287  0.10844  2.62   82367    8932  390608  1300282  15.79
  2002        75-79     0.03804  0.17469  2.67   73436   12828  337246   909674  12.39
  2002        80-84     0.05997  0.26203  2.59   60607   15881  264798   572428   9.44
  2002        85-89     0.10283  0.40844  2.48   44726   18268  177660   307631   6.88
  2002        90-94     0.16736  0.58338  2.40   26458   15435   92226   129971   4.91
  2002        95-99     0.26781  0.75664  2.13   11023    8340   31143    37745   3.42
  2002       100-104    0.39291  0.87841  1.85    2683    2356    5997     6602   2.46
  2002       105-109    0.53397  0.94479  1.58     326     308     577      605   1.85
  2002       110+       0.64975  1.00000  1.54      18      18      28       28   1.54
  2003           0      0.00768  0.00763  0.13  100000     763   99338  8043539  80.44
  2003         1-4      0.00040  0.00160  1.65   99237     158  396575  7944201  80.05
  2003         5-9      0.00016  0.00082  1.97   99078      82  495144  7547626  76.18
  2003        10-14     0.00016  0.00080  2.81   98997      80  494809  7052483  71.24
  2003        15-19     0.00024  0.00122  2.63   98917     120  494301  6557674  66.29
  2003        20-24     0.00034  0.00172  2.51   98797     170  493561  6063373  61.37
  2003        25-29     0.00038  0.00188  2.73   98627     186  492713  5569813  56.47
  2003        30-34     0.00053  0.00262  2.57   98441     258  491580  5077099  51.57
  2003        35-39     0.00075  0.00373  2.65   98183     366  490055  4585519  46.70
  2003        40-44     0.00123  0.00615  2.67   97817     602  487682  4095464  41.87
  2003        45-49     0.00211  0.01049  2.71   97215    1020  483741  3607782  37.11
  2003        50-54     0.00335  0.01660  2.62   96195    1597  477182  3124041  32.48
  2003        55-59     0.00549  0.02712  2.70   94598    2565  467081  2646858  27.98
  2003        60-64     0.00872  0.04272  2.64   92033    3932  450888  2179777  23.68
  2003        65-69     0.01305  0.06331  2.67   88102    5577  427492  1728889  19.62
  2003        70-74     0.02224  0.10565  2.64   82524    8719  392056  1301397  15.77
  2003        75-79     0.03699  0.17032  2.68   73805   12570  339821   909341  12.32
  2003        80-84     0.06213  0.27038  2.60   61235   16557  266493   569520   9.30
  2003        85-89     0.10331  0.41191  2.54   44678   18403  178132   303027   6.78
  2003        90-94     0.17559  0.59719  2.32   26275   15691   89362   124895   4.75
  2003        95-99     0.27422  0.76514  2.11   10584    8098   29531    35533   3.36
  2003       100-104    0.40126  0.88402  1.84    2486    2197    5476     6002   2.41
  2003       105-109    0.54333  0.94765  1.56     288     273     503      526   1.82
  2003       110+       0.65922  1.00000  1.52      15      15      23       23   1.52
  2004           0      0.00775  0.00770  0.13  100000     770   99332  8045704  80.46
  2004         1-4      0.00040  0.00159  1.59   99230     158  396539  7946371  80.08
  2004         5-9      0.00014  0.00071  2.46   99072      70  495183  7549832  76.21
  2004        10-14     0.00019  0.00095  2.60   99002      94  494784  7054649  71.26
  2004        15-19     0.00030  0.00148  2.55   98908     146  494181  6559865  66.32
  2004        20-24     0.00038  0.00189  2.56   98762     186  493352  6065684  61.42
  2004        25-29     0.00047  0.00232  2.48   98575     229  492299  5572332  56.53
  2004        30-34     0.00050  0.00248  2.67   98346     244  491164  5080033  51.65
  2004        35-39     0.00081  0.00403  2.63   98103     395  489577  4588869  46.78
  2004        40-44     0.00119  0.00595  2.59   97707     582  487133  4099291  41.95
  2004        45-49     0.00201  0.01002  2.67   97126     973  483359  3612159  37.19
  2004        50-54     0.00311  0.01542  2.65   96153    1482  477278  3128800  32.54
  2004        55-59     0.00505  0.02494  2.66   94670    2361  467837  2651523  28.01
  2004        60-64     0.00837  0.04101  2.59   92309    3786  452434  2183685  23.66
  2004        65-69     0.01312  0.06364  2.67   88524    5633  429490  1731252  19.56
  2004        70-74     0.02216  0.10536  2.67   82890    8734  394129  1301762  15.70
  2004        75-79     0.03711  0.17077  2.67   74157   12664  341213   907633  12.24
  2004        80-84     0.06110  0.26651  2.61   61493   16389  268220   566420   9.21
  2004        85-89     0.10800  0.42572  2.51   45104   19202  177801   298199   6.61
  2004        90-94     0.18067  0.61018  2.34   25902   15805   87479   120399   4.65
  2004        95-99     0.28369  0.77753  2.09   10097    7851   27674    32920   3.26
  2004       100-104    0.41604  0.89359  1.81    2246    2007    4825     5246   2.34
  2004       105-109    0.56215  0.95309  1.53     239     228     405      422   1.76
  2004       110+       0.67977  1.00000  1.47      11      11      16       16   1.47
  2005           0      0.00752  0.00747  0.13  100000     747   99353  8082604  80.83
  2005         1-4      0.00033  0.00133  1.44   99253     132  396676  7983251  80.43
  2005         5-9      0.00015  0.00076  2.37   99122      76  495409  7586576  76.54
  2005        10-14     0.00017  0.00085  2.63   99046      84  495030  7091167  71.59
  2005        15-19     0.00029  0.00146  2.58   98962     144  494460  6596137  66.65
  2005        20-24     0.00030  0.00148  2.61   98818     146  493738  6101677  61.75
  2005        25-29     0.00038  0.00191  2.53   98672     188  492893  5607939  56.83
  2005        30-34     0.00053  0.00266  2.70   98484     262  491817  5115046  51.94
  2005        35-39     0.00077  0.00386  2.74   98222     379  490252  4623229  47.07
  2005        40-44     0.00118  0.00588  2.64   97843     575  487855  4132977  42.24
  2005        45-49     0.00190  0.00944  2.69   97268     918  484223  3645122  37.48
  2005        50-54     0.00310  0.01536  2.64   96350    1480  478248  3160899  32.81
  2005        55-59     0.00485  0.02400  2.74   94869    2277  469197  2682651  28.28
  2005        60-64     0.00813  0.03992  2.71   92592    3696  454492  2213454  23.91
  2005        65-69     0.01239  0.06017  2.62   88896    5349  431742  1758961  19.79
  2005        70-74     0.02158  0.10282  2.71   83547    8591  398087  1327220  15.89
  2005        75-79     0.03647  0.16788  2.64   74957   12584  345045   929133  12.40
  2005        80-84     0.05970  0.26097  2.59   62373   16278  272675   584088   9.36
  2005        85-89     0.10526  0.41704  2.51   46095   19224  182626   311413   6.76
  2005        90-94     0.17366  0.59384  2.34   26872   15957   91889   128787   4.79
  2005        95-99     0.27188  0.76215  2.12   10914    8318   30595    36898   3.38
  2005       100-104    0.39879  0.88245  1.84    2596    2291    5744     6303   2.43
  2005       105-109    0.54113  0.94702  1.57     305     289     534      559   1.83
  2005       110+       0.65742  1.00000  1.52      16      16      25       25   1.52
  2006           0      0.00730  0.00725  0.13  100000     725   99372  8118401  81.18
  2006         1-4      0.00032  0.00127  1.58   99275     126  396795  8019029  80.78
  2006         5-9      0.00015  0.00075  2.32   99149      74  495547  7622234  76.88
  2006        10-14     0.00019  0.00096  2.44   99075      95  495132  7126687  71.93
  2006        15-19     0.00027  0.00135  2.77   98980     134  494601  6631555  67.00
  2006        20-24     0.00032  0.00161  2.67   98846     160  493859  6136954  62.09
  2006        25-29     0.00039  0.00197  2.70   98686     194  492985  5643095  57.18
  2006        30-34     0.00056  0.00281  2.81   98492     276  491857  5150110  52.29
  2006        35-39     0.00074  0.00371  2.61   98216     364  490208  4658253  47.43
  2006        40-44     0.00118  0.00589  2.76   97852     576  487969  4168045  42.60
  2006        45-49     0.00199  0.00989  2.76   97276     962  484220  3680076  37.83
  2006        50-54     0.00299  0.01487  2.69   96314    1432  478264  3195856  33.18
  2006        55-59     0.00481  0.02376  2.69   94882    2255  469210  2717592  28.64
  2006        60-64     0.00791  0.03883  2.62   92627    3596  454562  2248381  24.27
  2006        65-69     0.01264  0.06135  2.63   89031    5462  432192  1793819  20.15
  2006        70-74     0.02019  0.09642  2.68   83568    8057  399123  1361627  16.29
  2006        75-79     0.03501  0.16149  2.60   75511   12194  348292   962504  12.75
  2006        80-84     0.05625  0.24795  2.61   63317   15699  279090   614212   9.70
  2006        85-89     0.09624  0.38749  2.49   47618   18451  191716   335122   7.04
  2006        90-94     0.16785  0.58300  2.38   29166   17004  101305   143407   4.92
  2006        95-99     0.26383  0.75174  2.14   12162    9143   34654    42102   3.46
  2006       100-104    0.39171  0.87801  1.86    3019    2651    6768     7448   2.47
  2006       105-109    0.53654  0.94583  1.58     368     348     649      680   1.85
  2006       110+       0.65535  1.00000  1.53      20      20      30       30   1.53
  2007           0      0.00748  0.00743  0.13  100000     743   99356  8072133  80.72
  2007         1-4      0.00032  0.00127  1.52   99257     126  396715  7972776  80.32
  2007         5-9      0.00015  0.00073  2.68   99131      72  495485  7576061  76.43
  2007        10-14     0.00016  0.00081  2.88   99058      81  495120  7080577  71.48
  2007        15-19     0.00032  0.00159  2.58   98978     157  494508  6585457  66.53
  2007        20-24     0.00036  0.00181  2.49   98821     179  493656  6090949  61.64
  2007        25-29     0.00038  0.00191  2.57   98642     189  492753  5597293  56.74
  2007        30-34     0.00053  0.00266  2.58   98454     262  491634  5104541  51.85
  2007        35-39     0.00078  0.00390  2.72   98192     383  490085  4612907  46.98
  2007        40-44     0.00117  0.00585  2.74   97809     573  487747  4122822  42.15
  2007        45-49     0.00200  0.00994  2.71   97236     967  483968  3635075  37.38
  2007        50-54     0.00310  0.01538  2.72   96269    1480  477967  3151107  32.73
  2007        55-59     0.00505  0.02493  2.67   94789    2363  468433  2673140  28.20
  2007        60-64     0.00809  0.03969  2.67   92426    3669  453566  2204707  23.85
  2007        65-69     0.01308  0.06343  2.64   88757    5630  430512  1751141  19.73
  2007        70-74     0.02023  0.09670  2.72   83127    8038  397331  1320629  15.89
  2007        75-79     0.03669  0.16894  2.66   75089   12686  345780   923299  12.30
  2007        80-84     0.05974  0.26164  2.63   62403   16327  273282   577519   9.25
  2007        85-89     0.10645  0.42005  2.49   46076   19354  181816   304236   6.60
  2007        90-94     0.18337  0.61583  2.33   26722   16456   89745   122420   4.58
  2007        95-99     0.29144  0.78754  2.08   10266    8085   27740    32676   3.18
  2007       100-104    0.43042  0.90236  1.78    2181    1968    4573     4936   2.26
  2007       105-109    0.58200  0.95830  1.50     213     204     351      363   1.71
  2007       110+       0.70213  1.00000  1.42       9       9      13       13   1.42
  2008           0      0.00755  0.00750  0.13  100000     750   99350  8139511  81.40
  2008         1-4      0.00029  0.00114  1.48   99250     113  396714  8040161  81.01
  2008         5-9      0.00016  0.00079  2.33   99137      79  495473  7643447  77.10
  2008        10-14     0.00020  0.00099  2.78   99058      98  495072  7147974  72.16
  2008        15-19     0.00033  0.00165  2.58   98960     164  494401  6652902  67.23
  2008        20-24     0.00036  0.00180  2.37   98796     177  493512  6158501  62.34
  2008        25-29     0.00043  0.00215  2.65   98619     212  492593  5664988  57.44
  2008        30-34     0.00057  0.00286  2.61   98406     281  491359  5172395  52.56
  2008        35-39     0.00077  0.00383  2.65   98125     376  489743  4681037  47.70
  2008        40-44     0.00113  0.00564  2.63   97749     551  487438  4191294  42.88
  2008        45-49     0.00174  0.00866  2.63   97198     842  483993  3703856  38.11
  2008        50-54     0.00301  0.01496  2.61   96356    1441  478341  3219863  33.42
  2008        55-59     0.00471  0.02330  2.73   94914    2211  469542  2741522  28.88
  2008        60-64     0.00785  0.03854  2.70   92703    3573  455279  2271980  24.51
  2008        65-69     0.01193  0.05802  2.61   89130    5171  433295  1816700  20.38
  2008        70-74     0.01924  0.09207  2.68   83959    7730  401835  1383406  16.48
  2008        75-79     0.03356  0.15556  2.65   76229   11858  353331   981571  12.88
  2008        80-84     0.05583  0.24660  2.64   64371   15874  284339   628240   9.76
  2008        85-89     0.09542  0.38682  2.55   48497   18759  196604   343901   7.09
  2008        90-94     0.16630  0.57751  2.36   29737   17174  103268   147297   4.95
  2008        95-99     0.25997  0.74631  2.15   12564    9376   36067    44030   3.50
  2008       100-104    0.38625  0.87415  1.87    3187    2786    7213     7962   2.50
  2008       105-109    0.53002  0.94376  1.59     401     379     714      749   1.87
  2008       110+       0.64846  1.00000  1.54      23      23      35       35   1.54
  2009           0      0.00724  0.00720  0.13  100000     720   99377  8164068  81.64
  2009         1-4      0.00031  0.00122  1.46   99280     121  396812  8064691  81.23
  2009         5-9      0.00014  0.00072  2.21   99159      72  495594  7667879  77.33
  2009        10-14     0.00014  0.00072  2.69   99087      71  495271  7172285  72.38
  2009        15-19     0.00032  0.00161  2.49   99016     159  494681  6677014  67.43
  2009        20-24     0.00036  0.00182  2.72   98857     180  493874  6182333  62.54
  2009        25-29     0.00042  0.00208  2.76   98677     206  492923  5688459  57.65
  2009        30-34     0.00054  0.00272  2.52   98471     267  491691  5195537  52.76
  2009        35-39     0.00073  0.00366  2.56   98204     360  490142  4703846  47.90
  2009        40-44     0.00113  0.00562  2.76   97844     550  487990  4213704  43.07
  2009        45-49     0.00178  0.00885  2.69   97294     861  484481  3725714  38.29
  2009        50-54     0.00297  0.01473  2.71   96434    1421  478910  3241233  33.61
  2009        55-59     0.00464  0.02294  2.65   95013    2180  469938  2762324  29.07
  2009        60-64     0.00760  0.03734  2.71   92833    3467  456239  2292385  24.69
  2009        65-69     0.01178  0.05731  2.64   89366    5121  434770  1836146  20.55
  2009        70-74     0.01821  0.08737  2.68   84245    7361  404141  1401376  16.63
  2009        75-79     0.03286  0.15275  2.70   76884   11744  357383   997235  12.97
  2009        80-84     0.05352  0.23714  2.60   65141   15448  288646   639852   9.82
  2009        85-89     0.09748  0.39313  2.54   49693   19536  200402   351206   7.07
  2009        90-94     0.16340  0.57140  2.37   30157   17232  105460   150804   5.00
  2009        95-99     0.25948  0.74580  2.15   12925    9640   37150    45344   3.51
  2009       100-104    0.38690  0.87475  1.87    3286    2874    7429     8194   2.49
  2009       105-109    0.53203  0.94448  1.59     412     389     731      766   1.86
  2009       110+       0.65148  1.00000  1.53      23      23      35       35   1.53
  2010           0      0.00673  0.00669  0.14  100000     669   99422  8133799  81.34
  2010         1-4      0.00030  0.00120  1.56   99331     119  397034  8034378  80.88
  2010         5-9      0.00014  0.00068  2.54   99212      67  495895  7637343  76.98
  2010        10-14     0.00016  0.00078  2.59   99145      77  495537  7141448  72.03
  2010        15-19     0.00030  0.00150  2.69   99068     149  494994  6645911  67.08
  2010        20-24     0.00037  0.00186  2.57   98919     184  494147  6150917  62.18
  2010        25-29     0.00042  0.00211  2.52   98735     208  493158  5656770  57.29
  2010        30-34     0.00055  0.00276  2.54   98527     272  491964  5163612  52.41
  2010        35-39     0.00074  0.00367  2.69   98255     361  490439  4671648  47.55
  2010        40-44     0.00126  0.00628  2.66   97894     615  488029  4181209  42.71
  2010        45-49     0.00183  0.00912  2.73   97279     888  484382  3693180  37.96
  2010        50-54     0.00295  0.01465  2.65   96391    1412  478642  3208798  33.29
  2010        55-59     0.00454  0.02249  2.73   94979    2136  470035  2730156  28.74
  2010        60-64     0.00771  0.03786  2.68   92842    3515  456056  2260121  24.34
  2010        65-69     0.01210  0.05882  2.66   89327    5255  434326  1804065  20.20
  2010        70-74     0.01931  0.09234  2.63   84073    7763  401984  1369739  16.29
  2010        75-79     0.03390  0.15712  2.68   76310   11990  353703   967755  12.68
  2010        80-84     0.05581  0.24646  2.63   64320   15852  284061   614052   9.55
  2010        85-89     0.10128  0.40494  2.53   48467   19626  193786   329991   6.81
  2010        90-94     0.17600  0.60258  2.38   28841   17379   98743   136205   4.72
  2010        95-99     0.28212  0.77648  2.11   11462    8900   31547    37463   3.27
  2010       100-104    0.42099  0.89722  1.80    2562    2299    5460     5915   2.31
  2010       105-109    0.57420  0.95654  1.51     263     252     439      455   1.73
  2010       110+       0.69643  1.00000  1.44      11      11      16       16   1.44
  2011           0      0.00732  0.00728  0.13  100000     728   99370  8191593  81.92
  2011         1-4      0.00027  0.00108  1.71   99272     107  396844  8092223  81.52
  2011         5-9      0.00012  0.00062  2.50   99165      62  495671  7695378  77.60
  2011        10-14     0.00016  0.00081  2.58   99103      80  495323  7199707  72.65
  2011        15-19     0.00028  0.00138  2.58   99023     137  494786  6704383  67.71
  2011        20-24     0.00034  0.00172  2.32   98886     170  493977  6209597  62.80
  2011        25-29     0.00037  0.00185  2.57   98717     182  493141  5715620  57.90
  2011        30-34     0.00049  0.00246  2.55   98535     242  492079  5222479  53.00
  2011        35-39     0.00071  0.00356  2.68   98292     349  490651  4730399  48.13
  2011        40-44     0.00105  0.00523  2.70   97943     512  488536  4239749  43.29
  2011        45-49     0.00177  0.00883  2.68   97431     860  485156  3751213  38.50
  2011        50-54     0.00282  0.01400  2.70   96571    1352  479747  3266057  33.82
  2011        55-59     0.00462  0.02284  2.68   95218    2175  471042  2786310  29.26
  2011        60-64     0.00730  0.03592  2.71   93043    3342  457570  2315268  24.88
  2011        65-69     0.01161  0.05651  2.67   89701    5069  436686  1857698  20.71
  2011        70-74     0.01864  0.08924  2.61   84632    7552  405075  1421012  16.79
  2011        75-79     0.03138  0.14639  2.72   77080   11284  359618  1015936  13.18
  2011        80-84     0.05251  0.23338  2.62   65796   15356  292449   656318   9.98
  2011        85-89     0.09189  0.37437  2.53   50440   18883  205487   363869   7.21
  2011        90-94     0.16403  0.57217  2.36   31557   18056  110077   158382   5.02
  2011        95-99     0.25327  0.73695  2.16   13501    9950   39285    48305   3.58
  2011       100-104    0.37910  0.86914  1.89    3551    3087    8142     9020   2.54
  2011       105-109    0.52357  0.94178  1.60     465     438     836      878   1.89
  2011       110+       0.64320  1.00000  1.55      27      27      42       42   1.55
  2012           0      0.00693  0.00689  0.13  100000     689   99404  8182752  81.83
  2012         1-4      0.00028  0.00111  1.50   99311     110  396969  8083348  81.39
  2012         5-9      0.00014  0.00069  2.40   99201      69  495826  7686379  77.48
  2012        10-14     0.00014  0.00071  2.77   99132      71  495504  7190553  72.53
  2012        15-19     0.00028  0.00138  2.48   99062     137  494963  6695048  67.58
  2012        20-24     0.00031  0.00152  2.66   98925     151  494271  6200085  62.67
  2012        25-29     0.00036  0.00180  2.50   98774     178  493425  5705814  57.77
  2012        30-34     0.00054  0.00270  2.69   98596     266  492365  5212389  52.87
  2012        35-39     0.00070  0.00349  2.59   98330     343  490823  4720024  48.00
  2012        40-44     0.00119  0.00593  2.76   97986     581  488630  4229201  43.16
  2012        45-49     0.00166  0.00829  2.63   97405     807  485114  3740571  38.40
  2012        50-54     0.00266  0.01322  2.63   96598    1277  479966  3255458  33.70
  2012        55-59     0.00446  0.02208  2.71   95321    2105  471793  2775492  29.12
  2012        60-64     0.00716  0.03523  2.72   93216    3284  458591  2303698  24.71
  2012        65-69     0.01181  0.05743  2.62   89932    5165  437385  1845108  20.52
  2012        70-74     0.01904  0.09115  2.67   84767    7727  405819  1407723  16.61
  2012        75-79     0.03204  0.14912  2.68   77041   11488  358549  1001904  13.00
  2012        80-84     0.05346  0.23722  2.63   65553   15550  290858   643355   9.81
  2012        85-89     0.09582  0.38750  2.53   50002   19376  202207   352497   7.05
  2012        90-94     0.16639  0.57847  2.37   30626   17717  106475   150290   4.91
  2012        95-99     0.26960  0.76027  2.13   12910    9815   36406    43815   3.39
  2012       100-104    0.40460  0.88716  1.84    3095    2746    6786     7409   2.39
  2012       105-109    0.55611  0.95182  1.55     349     332     598      623   1.78
  2012       110+       0.67877  1.00000  1.47      17      17      25       25   1.47
  2013           0      0.00622  0.00619  0.14  100000     619   99465  8219715  82.20
  2013         1-4      0.00027  0.00108  1.57   99381     107  397264  8120249  81.71
  2013         5-9      0.00013  0.00064  2.26   99274      63  496195  7722985  77.79
  2013        10-14     0.00017  0.00086  2.76   99211      86  495861  7226790  72.84
  2013        15-19     0.00030  0.00149  2.69   99125     147  495283  6730930  67.90
  2013        20-24     0.00029  0.00144  2.57   98978     143  494542  6235646  63.00
  2013        25-29     0.00041  0.00206  2.44   98835     204  493654  5741105  58.09
  2013        30-34     0.00049  0.00245  2.55   98631     241  492565  5247451  53.20
  2013        35-39     0.00069  0.00346  2.69   98390     341  491161  4754885  48.33
  2013        40-44     0.00114  0.00570  2.74   98049     558  488985  4263724  43.49
  2013        45-49     0.00178  0.00884  2.68   97491     862  485452  3774739  38.72
  2013        50-54     0.00279  0.01385  2.71   96629    1338  480074  3289287  34.04
  2013        55-59     0.00430  0.02131  2.65   95291    2030  471690  2809213  29.48
  2013        60-64     0.00690  0.03394  2.67   93260    3165  458916  2337523  25.06
  2013        65-69     0.01136  0.05538  2.71   90095    4990  439049  1878607  20.85
  2013        70-74     0.01848  0.08857  2.67   85106    7537  407941  1439558  16.91
  2013        75-79     0.03021  0.14092  2.62   77568   10931  361818  1031618  13.30
  2013        80-84     0.05059  0.22540  2.59   66637   15020  296928   669800  10.05
  2013        85-89     0.09047  0.37079  2.57   51617   19139  211548   372871   7.22
  2013        90-94     0.16352  0.57124  2.36   32478   18553  113458   161323   4.97
  2013        95-99     0.26509  0.75460  2.15   13925   10508   39639    47865   3.44
  2013       100-104    0.40197  0.88581  1.84    3417    3027    7531     8226   2.41
  2013       105-109    0.55639  0.95208  1.55     390     372     668      695   1.78
  2013       110+       0.68144  1.00000  1.47      19      19      27       27   1.47
  2014           0      0.00709  0.00705  0.13  100000     705   99390  8230603  82.31
  2014         1-4      0.00026  0.00103  1.79   99295     102  396954  8131213  81.89
  2014         5-9      0.00012  0.00061  2.29   99192      60  495798  7734260  77.97
  2014        10-14     0.00014  0.00072  2.61   99132      72  495488  7238461  73.02
  2014        15-19     0.00024  0.00120  2.80   99060     119  495039  6742973  68.07
  2014        20-24     0.00033  0.00162  2.64   98941     161  494325  6247934  63.15
  2014        25-29     0.00036  0.00182  2.56   98780     180  493464  5753608  58.25
  2014        30-34     0.00048  0.00240  2.59   98600     236  492432  5260144  53.35
  2014        35-39     0.00073  0.00363  2.76   98364     357  491024  4767712  48.47
  2014        40-44     0.00107  0.00532  2.70   98007     521  488840  4276688  43.64
  2014        45-49     0.00167  0.00831  2.71   97486     810  485579  3787848  38.86
  2014        50-54     0.00257  0.01278  2.62   96676    1236  480443  3302269  34.16
  2014        55-59     0.00428  0.02117  2.68   95440    2020  472512  2821826  29.57
  2014        60-64     0.00681  0.03350  2.68   93420    3130  459836  2349315  25.15
  2014        65-69     0.01110  0.05411  2.67   90290    4886  440084  1889479  20.93
  2014        70-74     0.01818  0.08719  2.66   85405    7447  409580  1449395  16.97
  2014        75-79     0.03008  0.14041  2.64   77958   10946  363918  1039815  13.34
  2014        80-84     0.05075  0.22674  2.65   67012   15194  299375   675897  10.09
  2014        85-89     0.09089  0.37084  2.52   51818   19216  211422   376521   7.27
  2014        90-94     0.15929  0.56488  2.43   32602   18416  115615   165099   5.06
  2014        95-99     0.26055  0.74809  2.15   14186   10612   40730    49484   3.49
  2014       100-104    0.39433  0.88056  1.86    3574    3147    7980     8754   2.45
  2014       105-109    0.54629  0.94915  1.56     427     405     742      774   1.81
  2014       110+       0.67029  1.00000  1.49      22      22      32       32   1.49
  2015           0      0.00603  0.00600  0.14  100000     600   99482  8253426  82.53
  2015         1-4      0.00027  0.00107  1.52   99400     107  397336  8153944  82.03
  2015         5-9      0.00015  0.00075  2.45   99294      75  496277  7756608  78.12
  2015        10-14     0.00017  0.00083  2.89   99219      83  495918  7260331  73.18
  2015        15-19     0.00028  0.00137  2.33   99136     136  495315  6764413  68.23
  2015        20-24     0.00030  0.00150  2.49   99000     148  494626  6269098  63.32
  2015        25-29     0.00038  0.00192  2.64   98851     190  493809  5774472  58.42
  2015        30-34     0.00046  0.00228  2.80   98661     225  492810  5280663  53.52
  2015        35-39     0.00081  0.00406  2.74   98436     400  491279  4787852  48.64
  2015        40-44     0.00113  0.00561  2.75   98036     550  488945  4296574  43.83
  2015        45-49     0.00177  0.00882  2.63   97486     860  485386  3807628  39.06
  2015        50-54     0.00265  0.01316  2.66   96626    1272  480156  3322242  34.38
  2015        55-59     0.00426  0.02109  2.68   95354    2011  472096  2842087  29.81
  2015        60-64     0.00659  0.03245  2.68   93343    3029  459681  2369991  25.39
  2015        65-69     0.01089  0.05311  2.66   90314    4796  440364  1910310  21.15
  2015        70-74     0.01722  0.08275  2.64   85518    7077  410887  1469946  17.19
  2015        75-79     0.02922  0.13674  2.66   78441   10726  367064  1059059  13.50
  2015        80-84     0.04973  0.22227  2.61   67714   15051  302627   691995  10.22
  2015        85-89     0.08794  0.36155  2.54   52664   19041  216530   389368   7.39
  2015        90-94     0.15677  0.55725  2.41   33623   18737  119516   172838   5.14
  2015        95-99     0.25235  0.73619  2.17   14886   10959   43429    53322   3.58
  2015       100-104    0.38232  0.87201  1.88    3927    3425    8957     9893   2.52
  2015       105-109    0.53167  0.94467  1.59     503     475     893      936   1.86
  2015       110+       0.65484  1.00000  1.53      28      28      42       42   1.53
  2016           0      0.00648  0.00645  0.14  100000     645   99443  8273628  82.74
  2016         1-4      0.00027  0.00107  1.51   99355     106  397159  8174185  82.27
  2016         5-9      0.00013  0.00065  2.37   99250      65  496078  7777027  78.36
  2016        10-14     0.00016  0.00081  2.51   99185      81  495723  7280949  73.41
  2016        15-19     0.00029  0.00146  2.68   99104     145  495185  6785225  68.47
  2016        20-24     0.00035  0.00173  2.70   98960     172  494404  6290040  63.56
  2016        25-29     0.00033  0.00164  2.68   98788     162  493565  5795636  58.67
  2016        30-34     0.00049  0.00243  2.61   98626     240  492557  5302071  53.76
  2016        35-39     0.00068  0.00339  2.68   98386     334  491157  4809515  48.88
  2016        40-44     0.00106  0.00530  2.70   98053     520  489068  4318357  44.04
  2016        45-49     0.00166  0.00829  2.70   97533     808  485806  3829289  39.26
  2016        50-54     0.00262  0.01300  2.61   96724    1258  480617  3343483  34.57
  2016        55-59     0.00408  0.02021  2.67   95467    1930  472832  2862866  29.99
  2016        60-64     0.00655  0.03224  2.67   93537    3015  460673  2390034  25.55
  2016        65-69     0.01048  0.05115  2.69   90522    4631  441898  1929361  21.31
  2016        70-74     0.01737  0.08343  2.64   85891    7166  412537  1487463  17.32
  2016        75-79     0.02873  0.13466  2.67   78725   10601  368923  1074925  13.65
  2016        80-84     0.04879  0.21845  2.61   68124   14882  304989   706002  10.36
  2016        85-89     0.08512  0.35232  2.56   53243   18759  220382   401013   7.53
  2016        90-94     0.15277  0.54739  2.41   34484   18876  123559   180631   5.24
  2016        95-99     0.24599  0.72673  2.19   15608   11343   46110    57072   3.66
  2016       100-104    0.37384  0.86571  1.90    4265    3692    9877    10962   2.57
  2016       105-109    0.52202  0.94155  1.61     573     539    1033     1085   1.89
  2016       110+       0.64507  1.00000  1.55      33      33      52       52   1.55
  2017           0      0.00662  0.00659  0.14  100000     659   99431  8289294  82.89
  2017         1-4      0.00023  0.00090  1.55   99341      90  397146  8189863  82.44
  2017         5-9      0.00012  0.00060  2.86   99252      59  496131  7792718  78.51
  2017        10-14     0.00015  0.00074  2.71   99192      74  495792  7296587  73.56
  2017        15-19     0.00026  0.00129  2.80   99118     128  495310  6800795  68.61
  2017        20-24     0.00032  0.00160  2.56   98990     158  494566  6305484  63.70
  2017        25-29     0.00034  0.00172  2.62   98832     170  493756  5810919  58.80
  2017        30-34     0.00051  0.00254  2.64   98662     251  492720  5317163  53.89
  2017        35-39     0.00066  0.00332  2.62   98411     327  491281  4824443  49.02
  2017        40-44     0.00105  0.00523  2.65   98085     513  489220  4333162  44.18
  2017        45-49     0.00166  0.00828  2.61   97572     808  485925  3843942  39.40
  2017        50-54     0.00253  0.01256  2.61   96764    1215  480916  3358017  34.70
  2017        55-59     0.00387  0.01915  2.65   95548    1830  473437  2877101  30.11
  2017        60-64     0.00626  0.03084  2.72   93718    2891  462012  2403664  25.65
  2017        65-69     0.01025  0.05006  2.69   90827    4547  443650  1941652  21.38
  2017        70-74     0.01677  0.08065  2.64   86280    6958  414996  1498002  17.36
  2017        75-79     0.02770  0.13008  2.66   79322   10318  372497  1083006  13.65
  2017        80-84     0.04821  0.21629  2.63   69004   14925  309582   710510  10.30
  2017        85-89     0.08750  0.36161  2.60   54079   19555  223478   400927   7.41
  2017        90-94     0.15485  0.55172  2.40   34523   19047  123003   177450   5.14
  2017        95-99     0.25746  0.74414  2.16   15476   11516   44731    54447   3.52
  2017       100-104    0.39342  0.88029  1.86    3960    3486    8860     9716   2.45
  2017       105-109    0.54841  0.94994  1.56     474     450     821      856   1.81
  2017       110+       0.67477  1.00000  1.48      24      24      35       35   1.48
  2018           0      0.00622  0.00618  0.14  100000     618   99466  8321048  83.21
  2018         1-4      0.00024  0.00095  1.38   99382      94  397280  8221582  82.73
  2018         5-9      0.00012  0.00061  2.17   99288      61  496265  7824302  78.80
  2018        10-14     0.00014  0.00071  2.89   99227      70  495986  7328037  73.85
  2018        15-19     0.00024  0.00118  2.59   99157     117  495502  6832051  68.90
  2018        20-24     0.00032  0.00161  2.52   99040     159  494806  6336548  63.98
  2018        25-29     0.00040  0.00200  2.54   98881     198  493917  5841742  59.08
  2018        30-34     0.00047  0.00233  2.63   98683     230  492870  5347825  54.19
  2018        35-39     0.00069  0.00345  2.68   98453     340  491476  4854955  49.31
  2018        40-44     0.00109  0.00546  2.65   98113     536  489308  4363479  44.47
  2018        45-49     0.00159  0.00790  2.69   97577     771  486108  3874171  39.70
  2018        50-54     0.00237  0.01180  2.70   96806    1142  481398  3388063  35.00
  2018        55-59     0.00394  0.01953  2.74   95664    1868  474093  2906665  30.38
  2018        60-64     0.00627  0.03089  2.67   93796    2897  462239  2432572  25.93
  2018        65-69     0.01009  0.04929  2.66   90899    4481  444009  1970334  21.68
  2018        70-74     0.01611  0.07768  2.69   86418    6713  416585  1526324  17.66
  2018        75-79     0.02679  0.12597  2.64   79705   10041  374817  1109739  13.92
  2018        80-84     0.04752  0.21359  2.63   69665   14880  313104   734923  10.55
  2018        85-89     0.08289  0.34403  2.53   54785   18848  227394   421819   7.70
  2018        90-94     0.14473  0.52759  2.43   35937   18960  131005   194425   5.41
  2018        95-99     0.23952  0.71679  2.20   16977   12169   50807    63421   3.74
  2018       100-104    0.36531  0.85909  1.92    4808    4131   11307    12614   2.62
  2018       105-109    0.51242  0.93829  1.62     678     636    1241     1306   1.93
  2018       110+       0.63540  1.00000  1.57      42      42      66       66   1.57
  2019           0      0.00567  0.00564  0.14  100000     564   99514  8331385  83.31
  2019         1-4      0.00024  0.00097  1.63   99436      97  397515  8231872  82.79
  2019         5-9      0.00012  0.00062  2.44   99340      61  496541  7834356  78.86
  2019        10-14     0.00014  0.00068  2.65   99278      67  496233  7337816  73.91
  2019        15-19     0.00027  0.00136  2.50   99211     135  495718  6841583  68.96
  2019        20-24     0.00036  0.00178  2.53   99076     176  494947  6345865  64.05
  2019        25-29     0.00037  0.00187  2.72   98900     185  494080  5850917  59.16
  2019        30-34     0.00049  0.00245  2.70   98716     242  493022  5356837  54.27
  2019        35-39     0.00077  0.00382  2.65   98474     377  491485  4863815  49.39
  2019        40-44     0.00107  0.00535  2.57   98097     525  489213  4372330  44.57
  2019        45-49     0.00156  0.00780  2.68   97572     761  486098  3883118  39.80
  2019        50-54     0.00244  0.01211  2.66   96812    1173  481312  3397019  35.09
  2019        55-59     0.00383  0.01898  2.70   95639    1816  474017  2915707  30.49
  2019        60-64     0.00614  0.03027  2.72   93824    2840  462640  2441690  26.02
  2019        65-69     0.01006  0.04914  2.64   90983    4471  444344  1979050  21.75
  2019        70-74     0.01629  0.07846  2.65   86512    6788  416595  1534706  17.74
  2019        75-79     0.02696  0.12681  2.66   79725   10110  375010  1118111  14.02
  2019        80-84     0.04622  0.20808  2.61   69615   14486  313435   743101  10.67
  2019        85-89     0.08189  0.34135  2.56   55129   18818  229797   429666   7.79
  2019        90-94     0.14126  0.51864  2.44   36311   18832  133317   199869   5.50
  2019        95-99     0.23391  0.70785  2.21   17479   12372   52892    66552   3.81
  2019       100-104    0.35739  0.85260  1.93    5106    4354   12182    13660   2.67
  2019       105-109    0.50291  0.93483  1.64     753     704    1399     1478   1.96
  2019       110+       0.62528  1.00000  1.60      49      49      78       78   1.60
  2020           0      0.00478  0.00476  0.14  100000     476   99590  8249129  82.49
  2020         1-4      0.00021  0.00085  1.73   99524      84  397904  8149539  81.89
  2020         5-9      0.00009  0.00043  2.01   99440      42  497071  7751635  77.95
  2020        10-14     0.00012  0.00062  2.79   99397      62  496850  7254564  72.99
  2020        15-19     0.00027  0.00133  2.92   99336     133  496403  6757714  68.03
  2020        20-24     0.00036  0.00179  2.67   99203     178  495601  6261311  63.12
  2020        25-29     0.00040  0.00199  2.56   99025     197  494646  5765710  58.22
  2020        30-34     0.00054  0.00271  2.73   98828     268  493533  5271064  53.34
  2020        35-39     0.00074  0.00369  2.73   98561     363  491978  4777531  48.47
  2020        40-44     0.00124  0.00617  2.62   98197     606  489544  4285553  43.64
  2020        45-49     0.00177  0.00881  2.66   97591     860  485940  3796009  38.90
  2020        50-54     0.00271  0.01349  2.67   96731    1305  480613  3310069  34.22
  2020        55-59     0.00430  0.02127  2.68   95426    2030  472428  2829455  29.65
  2020        60-64     0.00712  0.03501  2.65   93396    3270  459283  2357027  25.24
  2020        65-69     0.01139  0.05553  2.72   90126    5004  439205  1897744  21.06
  2020        70-74     0.01822  0.08732  2.63   85122    7433  408004  1458540  17.13
  2020        75-79     0.02954  0.13806  2.64   77689   10726  363096  1050536  13.52
  2020        80-84     0.05191  0.23080  2.60   66963   15455  297743   687440  10.27
  2020        85-89     0.08810  0.36249  2.56   51508   18671  211926   389697   7.57
  2020        90-94     0.14605  0.53061  2.42   32837   17423  119298   177771   5.41
  2020        95-99     0.23608  0.71033  2.20   15413   10949   46376    58473   3.79
  2020       100-104    0.35280  0.84781  1.94    4465    3785   10729    12098   2.71
  2020       105-109    0.48985  0.92923  1.66     679     631    1289     1368   2.01
  2020       110+       0.60551  1.00000  1.65      48      48      79       79   1.65
  2021           0      0.00582  0.00579  0.14  100000     579   99501  8175919  81.76
  2021         1-4      0.00023  0.00091  1.54   99421      90  397463  8076418  81.23
  2021         5-9      0.00010  0.00048  2.46   99331      48  496534  7678955  77.31
  2021        10-14     0.00015  0.00073  2.77   99283      73  496254  7182421  72.34
  2021        15-19     0.00026  0.00131  2.76   99211     130  495762  6686167  67.39
  2021        20-24     0.00039  0.00195  2.66   99081     193  494953  6190404  62.48
  2021        25-29     0.00047  0.00236  2.55   98888     233  493868  5695452  57.60
  2021        30-34     0.00065  0.00326  2.74   98655     322  492545  5201583  52.73
  2021        35-39     0.00085  0.00422  2.67   98333     415  490699  4709038  47.89
  2021        40-44     0.00128  0.00640  2.63   97918     627  488107  4218339  43.08
  2021        45-49     0.00191  0.00951  2.62   97291     925  484259  3730232  38.34
  2021        50-54     0.00305  0.01514  2.68   96366    1459  478444  3245973  33.68
  2021        55-59     0.00456  0.02258  2.66   94907    2143  469525  2767529  29.16
  2021        60-64     0.00735  0.03611  2.64   92764    3350  455901  2298004  24.77
  2021        65-69     0.01191  0.05796  2.68   89414    5182  435067  1842103  20.60
  2021        70-74     0.01923  0.09206  2.68   84232    7754  403197  1407036  16.70
  2021        75-79     0.03109  0.14493  2.67   76478   11084  356513  1003839  13.13
  2021        80-84     0.05461  0.24128  2.59   65394   15778  288924   647326   9.90
  2021        85-89     0.09336  0.38012  2.56   49616   18860  202005   358402   7.22
  2021        90-94     0.15928  0.56130  2.37   30756   17263  108382   156397   5.09
  2021        95-99     0.25511  0.73944  2.16   13492    9977   39107    48015   3.56
  2021       100-104    0.38021  0.86982  1.88    3516    3058    8043     8907   2.53
  2021       105-109    0.52352  0.94167  1.60     458     431     823      865   1.89
  2021       110+       0.64213  1.00000  1.56      27      27      42       42   1.56
  2022           0      0.00554  0.00552  0.14  100000     552   99524  8214030  82.14
  2022         1-4      0.00026  0.00103  1.70   99448     102  397558  8114506  81.60
  2022         5-9      0.00013  0.00064  2.21   99346      64  496551  7716948  77.68
  2022        10-14     0.00015  0.00073  2.58   99282      72  496235  7220397  72.73
  2022        15-19     0.00027  0.00135  2.71   99210     134  495741  6724162  67.78
  2022        20-24     0.00036  0.00179  2.51   99076     177  494938  6228420  62.87
  2022        25-29     0.00044  0.00222  2.64   98899     220  493975  5733483  57.97
  2022        30-34     0.00054  0.00269  2.60   98679     265  492757  5239508  53.10
  2022        35-39     0.00078  0.00389  2.68   98414     383  491180  4746751  48.23
  2022        40-44     0.00123  0.00614  2.63   98031     602  488727  4255570  43.41
  2022        45-49     0.00172  0.00856  2.67   97429     834  485204  3766843  38.66
  2022        50-54     0.00263  0.01305  2.65   96595    1260  480014  3281639  33.97
  2022        55-59     0.00402  0.01991  2.69   95335    1898  472292  2801625  29.39
  2022        60-64     0.00644  0.03174  2.66   93437    2965  460256  2329333  24.93
  2022        65-69     0.01065  0.05199  2.70   90472    4703  441541  1869077  20.66
  2022        70-74     0.01768  0.08493  2.67   85768    7284  411902  1427535  16.64
  2022        75-79     0.03067  0.14303  2.64   78484   11226  365970  1015633  12.94
  2022        80-84     0.05394  0.23883  2.60   67258   16063  297816   649663   9.66
  2022        85-89     0.09806  0.39476  2.53   51195   20209  206084   351847   6.87
  2022        90-94     0.17474  0.59912  2.38   30985   18564  106239   145763   4.70
  2022        95-99     0.29070  0.78781  2.09   12421    9786   33662    39524   3.18
  2022       100-104    0.43831  0.90747  1.77    2636    2392    5457     5862   2.22
  2022       105-109    0.59867  0.96245  1.48     244     235     392      405   1.66
  2022       110+       0.72381  1.00000  1.38       9       9      13       13   1.38
  2023           0      0.00581  0.00578  0.14  100000     578   99501  8324551  83.25
  2023         1-4      0.00023  0.00093  1.62   99422      92  397470  8225049  82.73
  2023         5-9      0.00014  0.00071  2.45   99330      70  496472  7827580  78.80
  2023        10-14     0.00014  0.00069  2.91   99260      69  496156  7331108  73.86
  2023        15-19     0.00027  0.00137  2.71   99191     135  495647  6834952  68.91
  2023        20-24     0.00036  0.00178  2.60   99056     177  494854  6339305  64.00
  2023        25-29     0.00041  0.00206  2.59   98879     204  493903  5844451  59.11
  2023        30-34     0.00055  0.00277  2.68   98675     273  492741  5350548  54.22
  2023        35-39     0.00078  0.00392  2.67   98402     385  491113  4857807  49.37
  2023        40-44     0.00121  0.00606  2.63   98016     594  488677  4366694  44.55
  2023        45-49     0.00159  0.00791  2.60   97423     771  485265  3878017  39.81
  2023        50-54     0.00241  0.01197  2.57   96652    1157  480448  3392752  35.10
  2023        55-59     0.00376  0.01866  2.68   95495    1782  473348  2912305  30.50
  2023        60-64     0.00581  0.02865  2.71   93713    2685  462429  2438957  26.03
  2023        65-69     0.00974  0.04764  2.68   91028    4336  445080  1976528  21.71
  2023        70-74     0.01605  0.07737  2.68   86692    6708  417918  1531447  17.67
  2023        75-79     0.02690  0.12653  2.65   79984   10120  376141  1113529  13.92
  2023        80-84     0.04803  0.21587  2.66   69864   15081  314003   737389  10.55
  2023        85-89     0.08232  0.34265  2.55   54783   18771  228016   423386   7.73
  2023        90-94     0.14498  0.52809  2.43   36011   19017  131170   195370   5.43
  2023        95-99     0.23640  0.71167  2.20   16994   12094   51161    64200   3.78
  2023       100-104    0.35958  0.85427  1.93    4900    4186   11641    13039   2.66
  2023       105-109    0.50425  0.93524  1.64     714     668    1324     1398   1.96
  2023       110+       0.62574  1.00000  1.60      46      46      74       74   1.60
  2024           0      0.00543  0.00540  0.14  100000     540   99534  8314641  83.15
  2024         1-4      0.00024  0.00097  1.61   99460      96  397608  8215107  82.60
  2024         5-9      0.00012  0.00062  2.41   99363      61  496658  7817499  78.68
  2024        10-14     0.00017  0.00084  2.71   99302      84  496319  7320840  73.72
  2024        15-19     0.00028  0.00138  2.71   99219     137  495779  6824521  68.78
  2024        20-24     0.00036  0.00180  2.49   99082     178  494961  6328742  63.87
  2024        25-29     0.00042  0.00212  2.68   98904     210  494030  5833781  58.98
  2024        30-34     0.00058  0.00289  2.68   98694     285  492808  5339751  54.10
  2024        35-39     0.00082  0.00411  2.72   98409     405  491120  4846943  49.25
  2024        40-44     0.00120  0.00596  2.73   98004     584  488694  4355823  44.45
  2024        45-49     0.00175  0.00872  2.57   97420     849  485032  3867129  39.70
  2024        50-54     0.00242  0.01204  2.70   96570    1163  480173  3382097  35.02
  2024        55-59     0.00393  0.01947  2.62   95408    1857  472625  2901925  30.42
  2024        60-64     0.00595  0.02937  2.69   93550    2747  461407  2429299  25.97
  2024        65-69     0.00956  0.04676  2.67   90803    4246  444120  1967893  21.67
  2024        70-74     0.01577  0.07605  2.67   86557    6582  417420  1523772  17.60
  2024        75-79     0.02671  0.12568  2.65   79975   10051  376265  1106353  13.83
  2024        80-84     0.04872  0.21840  2.63   69923   15271  313424   730087  10.44
  2024        85-89     0.08481  0.35146  2.57   54652   19208  226494   416664   7.62
  2024        90-94     0.14653  0.53237  2.43   35444   18869  128772   190170   5.37
  2024        95-99     0.24218  0.72080  2.19   16575   11947   49332    61398   3.70
  2024       100-104    0.36792  0.86104  1.91    4628    3985   10830    12066   2.61
  2024       105-109    0.51443  0.93892  1.62     643     604    1174     1235   1.92
  2024       110+       0.63667  1.00000  1.57      39      39      62       62   1.57
