Chile, Life tables (period 5x1), Males	Last modified: 12 Jan 2026;  Methods Protocol: v6 (2017)

  Year          Age         mx       qx    ax      lx      dx      Lx       Tx     ex
  1992           0      0.01624  0.01601  0.12  100000    1601   98586  7146150  71.46
  1992         1-4      0.00089  0.00354  1.44   98399     348  392707  7047564  71.62
  1992         5-9      0.00029  0.00145  2.59   98051     142  489914  6654857  67.87
  1992        10-14     0.00037  0.00183  2.73   97909     179  489139  6164943  62.97
  1992        15-19     0.00087  0.00435  2.86   97730     425  487742  5675804  58.08
  1992        20-24     0.00155  0.00774  2.54   97305     753  484667  5188062  53.32
  1992        25-29     0.00169  0.00841  2.47   96551     812  480699  4703394  48.71
  1992        30-34     0.00195  0.00971  2.53   95739     930  476400  4222695  44.11
  1992        35-39     0.00235  0.01170  2.52   94809    1109  471295  3746295  39.51
  1992        40-44     0.00327  0.01623  2.62   93700    1521  464879  3275000  34.95
  1992        45-49     0.00480  0.02374  2.57   92179    2189  455587  2810122  30.49
  1992        50-54     0.00717  0.03523  2.59   89991    3170  442308  2354535  26.16
  1992        55-59     0.01155  0.05620  2.64   86821    4880  422578  1912227  22.03
  1992        60-64     0.01906  0.09116  2.61   81941    7470  391848  1489649  18.18
  1992        65-69     0.02852  0.13385  2.71   74471    9968  349549  1097801  14.74
  1992        70-74     0.04657  0.20902  2.55   64503   13482  289500   748252  11.60
  1992        75-79     0.07238  0.30707  2.53   51021   15667  216460   458751   8.99
  1992        80-84     0.10891  0.42773  2.49   35354   15122  138843   242291   6.85
  1992        85-89     0.16555  0.57241  2.31   20232   11581   69953   103449   5.11
  1992        90-94     0.23439  0.71214  2.25    8651    6161   26283    33496   3.87
  1992        95-99     0.32924  0.82328  1.96    2490    2050    6227     7213   2.90
  1992       100-104    0.43714  0.90236  1.75     440     397     908      986   2.24
  1992       105-109    0.55162  0.94826  1.54      43      41      74       77   1.80
  1992       110+       0.64396  1.00000  1.55       2       2       3        3   1.55
  1993           0      0.01506  0.01486  0.12  100000    1486   98691  7142280  71.42
  1993         1-4      0.00071  0.00282  1.45   98514     277  393347  7043589  71.50
  1993         5-9      0.00032  0.00161  2.48   98236     158  490784  6650242  67.70
  1993        10-14     0.00036  0.00180  2.72   98078     177  489989  6159458  62.80
  1993        15-19     0.00093  0.00463  2.88   97902     453  488549  5669469  57.91
  1993        20-24     0.00159  0.00793  2.56   97448     773  485357  5180920  53.17
  1993        25-29     0.00189  0.00941  2.45   96676     910  481057  4695562  48.57
  1993        30-34     0.00192  0.00953  2.49   95766     913  476535  4214505  44.01
  1993        35-39     0.00240  0.01192  2.56   94853    1131  471506  3737970  39.41
  1993        40-44     0.00319  0.01580  2.59   93722    1481  465038  3266464  34.85
  1993        45-49     0.00483  0.02385  2.56   92241    2200  455848  2801426  30.37
  1993        50-54     0.00718  0.03531  2.66   90042    3179  442760  2345578  26.05
  1993        55-59     0.01187  0.05771  2.63   86862    5013  422434  1902818  21.91
  1993        60-64     0.01898  0.09080  2.64   81850    7432  391675  1480383  18.09
  1993        65-69     0.02877  0.13475  2.65   74417   10028  348540  1088708  14.63
  1993        70-74     0.04628  0.20781  2.55   64389   13381  289099   740168  11.50
  1993        75-79     0.07344  0.30995  2.49   51009   15810  215286   451069   8.84
  1993        80-84     0.11270  0.43871  2.48   35199   15442  137016   235783   6.70
  1993        85-89     0.17030  0.58480  2.32   19757   11554   67842    98767   5.00
  1993        90-94     0.24185  0.71521  2.14    8203    5867   24258    30925   3.77
  1993        95-99     0.33490  0.82853  1.95    2336    1936    5779     6667   2.85
  1993       100-104    0.44231  0.90500  1.74     401     363     820      888   2.22
  1993       105-109    0.55572  0.94936  1.53      38      36      65       68   1.79
  1993       110+       0.64698  1.00000  1.55       2       2       3        3   1.55
  1994           0      0.01364  0.01348  0.12  100000    1348   98817  7182191  71.82
  1994         1-4      0.00069  0.00276  1.53   98652     272  393935  7083374  71.80
  1994         5-9      0.00030  0.00152  2.35   98380     149  491503  6689440  68.00
  1994        10-14     0.00035  0.00174  2.75   98230     171  490768  6197937  63.10
  1994        15-19     0.00089  0.00446  2.79   98060     438  489332  5707169  58.20
  1994        20-24     0.00146  0.00725  2.56   97622     708  486381  5217837  53.45
  1994        25-29     0.00181  0.00901  2.56   96914     873  482435  4731456  48.82
  1994        30-34     0.00193  0.00960  2.57   96041     922  477963  4249021  44.24
  1994        35-39     0.00244  0.01211  2.58   95119    1152  472806  3771058  39.65
  1994        40-44     0.00311  0.01542  2.58   93967    1449  466331  3298252  35.10
  1994        45-49     0.00526  0.02597  2.65   92518    2402  456936  2831921  30.61
  1994        50-54     0.00764  0.03752  2.66   90115    3382  442661  2374985  26.35
  1994        55-59     0.01170  0.05697  2.68   86734    4941  422214  1932324  22.28
  1994        60-64     0.01830  0.08764  2.60   81793    7168  391778  1510110  18.46
  1994        65-69     0.02773  0.13011  2.64   74624    9709  350164  1118332  14.99
  1994        70-74     0.04618  0.20750  2.56   64915   13470  291658   768168  11.83
  1994        75-79     0.06828  0.29273  2.57   51445   15059  220570   476510   9.26
  1994        80-84     0.10532  0.41462  2.44   36386   15086  143240   255940   7.03
  1994        85-89     0.15832  0.55776  2.35   21299   11880   75037   112700   5.29
  1994        90-94     0.22667  0.69080  2.17    9419    6507   28707    37663   4.00
  1994        95-99     0.30817  0.80105  2.00    2912    2333    7571     8956   3.07
  1994       100-104    0.40794  0.88468  1.80     579     513    1257     1385   2.39
  1994       105-109    0.51602  0.93652  1.60      67      63     121      128   1.92
  1994       110+       0.60447  1.00000  1.65       4       4       7        7   1.65
  1995           0      0.01260  0.01247  0.12  100000    1247   98908  7164067  71.64
  1995         1-4      0.00072  0.00288  1.54   98753     284  394314  7065159  71.54
  1995         5-9      0.00028  0.00140  2.47   98469     138  491998  6670845  67.75
  1995        10-14     0.00031  0.00156  3.06   98332     154  491360  6178847  62.84
  1995        15-19     0.00091  0.00453  2.81   98178     445  489918  5687487  57.93
  1995        20-24     0.00153  0.00764  2.62   97733     747  486888  5197569  53.18
  1995        25-29     0.00171  0.00851  2.60   96987     826  482951  4710681  48.57
  1995        30-34     0.00194  0.00966  2.57   96161     929  478548  4227730  43.97
  1995        35-39     0.00240  0.01193  2.68   95232    1136  473521  3749182  39.37
  1995        40-44     0.00343  0.01702  2.64   94096    1601  466707  3275661  34.81
  1995        45-49     0.00532  0.02630  2.73   92495    2432  456941  2808954  30.37
  1995        50-54     0.00788  0.03870  2.66   90062    3485  442153  2352013  26.12
  1995        55-59     0.01199  0.05832  2.67   86577    5049  421097  1909860  22.06
  1995        60-64     0.01963  0.09381  2.65   81527    7648  389631  1488762  18.26
  1995        65-69     0.02833  0.13255  2.58   73880    9793  345720  1099131  14.88
  1995        70-74     0.04717  0.21187  2.60   64087   13578  287837   753411  11.76
  1995        75-79     0.06746  0.28994  2.58   50508   14644  217074   465574   9.22
  1995        80-84     0.10775  0.42204  2.43   35864   15136  140476   248500   6.93
  1995        85-89     0.16078  0.56070  2.30   20728   11622   72288   108024   5.21
  1995        90-94     0.23187  0.70182  2.19    9106    6391   27562    35736   3.92
  1995        95-99     0.31559  0.80902  1.99    2715    2197    6960     8174   3.01
  1995       100-104    0.41715  0.89047  1.78     519     462    1107     1214   2.34
  1995       105-109    0.52642  0.94014  1.58      57      53     101      107   1.88
  1995       110+       0.61549  1.00000  1.62       3       3       6        6   1.62
  1996           0      0.01291  0.01277  0.12  100000    1277   98881  7186690  71.87
  1996         1-4      0.00060  0.00239  1.48   98723     236  394297  7087809  71.79
  1996         5-9      0.00028  0.00141  2.42   98487     139  492077  6693512  67.96
  1996        10-14     0.00037  0.00187  2.86   98348     184  491345  6201435  63.06
  1996        15-19     0.00090  0.00450  2.86   98164     441  489875  5710091  58.17
  1996        20-24     0.00162  0.00806  2.56   97722     788  486691  5220215  53.42
  1996        25-29     0.00164  0.00818  2.51   96935     793  482702  4733525  48.83
  1996        30-34     0.00195  0.00971  2.45   96141     934  478325  4250823  44.21
  1996        35-39     0.00237  0.01179  2.61   95207    1122  473360  3772497  39.62
  1996        40-44     0.00327  0.01623  2.67   94085    1527  466864  3299138  35.07
  1996        45-49     0.00506  0.02504  2.72   92559    2317  457518  2832273  30.60
  1996        50-54     0.00789  0.03873  2.66   90241    3495  443029  2374755  26.32
  1996        55-59     0.01157  0.05629  2.62   86746    4883  422113  1931727  22.27
  1996        60-64     0.01880  0.09010  2.69   81863    7376  392285  1509614  18.44
  1996        65-69     0.02821  0.13192  2.55   74487    9826  348327  1117329  15.00
  1996        70-74     0.04531  0.20434  2.60   64661   13213  291588   769002  11.89
  1996        75-79     0.06913  0.29575  2.56   51448   15216  220107   477414   9.28
  1996        80-84     0.10383  0.41081  2.46   36232   14884  143360   257306   7.10
  1996        85-89     0.15730  0.55184  2.30   21348   11780   74890   113947   5.34
  1996        90-94     0.22057  0.68399  2.22    9567    6544   29667    39057   4.08
  1996        95-99     0.30470  0.79725  2.01    3023    2410    7910     9390   3.11
  1996       100-104    0.40375  0.88197  1.81     613     541    1339     1479   2.41
  1996       105-109    0.51139  0.93485  1.61      72      68     132      140   1.94
  1996       110+       0.59964  1.00000  1.67       5       5       8        8   1.67
  1997           0      0.01138  0.01127  0.13  100000    1127   99016  7253604  72.54
  1997         1-4      0.00051  0.00203  1.78   98873     200  395047  7154588  72.36
  1997         5-9      0.00034  0.00171  2.25   98673     169  492899  6759542  68.50
  1997        10-14     0.00032  0.00162  2.58   98504     159  492133  6266643  63.62
  1997        15-19     0.00074  0.00370  2.90   98344     364  490957  5774510  58.72
  1997        20-24     0.00150  0.00747  2.59   97981     732  488143  5283553  53.92
  1997        25-29     0.00169  0.00840  2.58   97249     817  484266  4795410  49.31
  1997        30-34     0.00201  0.00999  2.57   96432     963  479821  4311144  44.71
  1997        35-39     0.00228  0.01133  2.60   95468    1082  474745  3831323  40.13
  1997        40-44     0.00334  0.01657  2.65   94387    1564  468256  3356578  35.56
  1997        45-49     0.00456  0.02257  2.67   92823    2095  459234  2888322  31.12
  1997        50-54     0.00737  0.03619  2.59   90728    3283  445740  2429088  26.77
  1997        55-59     0.01109  0.05404  2.62   87444    4726  425957  1983348  22.68
  1997        60-64     0.01670  0.08039  2.68   82718    6650  398173  1557391  18.83
  1997        65-69     0.02725  0.12787  2.59   76069    9727  356947  1159218  15.24
  1997        70-74     0.04197  0.19103  2.65   66342   12673  301963   802271  12.09
  1997        75-79     0.06385  0.27492  2.48   53669   14755  231091   500307   9.32
  1997        80-84     0.10523  0.41543  2.47   38914   16166  153629   269217   6.92
  1997        85-89     0.16375  0.56749  2.30   22748   12909   78837   115588   5.08
  1997        90-94     0.24311  0.72214  2.19    9839    7105   29225    36751   3.74
  1997        95-99     0.34781  0.84149  1.93    2734    2300    6614     7525   2.75
  1997       100-104    0.46725  0.91819  1.69     433     398     852      911   2.10
  1997       105-109    0.59114  0.95897  1.48      35      34      58       60   1.68
  1997       110+       0.68887  1.00000  1.45       1       1       2        2   1.45
  1998           0      0.01204  0.01192  0.13  100000    1192   98958  7277104  72.77
  1998         1-4      0.00063  0.00251  1.76   98808     248  394677  7178147  72.65
  1998         5-9      0.00029  0.00144  2.34   98560     142  492422  6783470  68.83
  1998        10-14     0.00028  0.00142  2.78   98418     139  491780  6291048  63.92
  1998        15-19     0.00082  0.00407  2.87   98278     400  490540  5799267  59.01
  1998        20-24     0.00136  0.00679  2.64   97878     665  487820  5308727  54.24
  1998        25-29     0.00165  0.00824  2.51   97214     801  484076  4820907  49.59
  1998        30-34     0.00191  0.00951  2.61   96412     916  479870  4336831  44.98
  1998        35-39     0.00213  0.01057  2.49   95496    1010  474947  3856961  40.39
  1998        40-44     0.00307  0.01523  2.60   94486    1439  468983  3382014  35.79
  1998        45-49     0.00416  0.02058  2.58   93047    1915  460604  2913031  31.31
  1998        50-54     0.00688  0.03388  2.69   91132    3087  448529  2452426  26.91
  1998        55-59     0.01114  0.05429  2.65   88045    4780  428976  2003897  22.76
  1998        60-64     0.01641  0.07901  2.66   83265    6579  400916  1574921  18.91
  1998        65-69     0.02607  0.12277  2.64   76686    9415  361193  1174005  15.31
  1998        70-74     0.04164  0.18934  2.61   67272   12737  305859   812812  12.08
  1998        75-79     0.06488  0.27895  2.49   54535   15212  234474   506952   9.30
  1998        80-84     0.10175  0.40489  2.48   39322   15921  156472   272478   6.93
  1998        85-89     0.16524  0.57320  2.33   23401   13413   81176   116006   4.96
  1998        90-94     0.26493  0.74950  2.10    9987    7486   28255    34830   3.49
  1998        95-99     0.36566  0.85736  1.90    2502    2145    5866     6576   2.63
  1998       100-104    0.49554  0.93080  1.65     357     332     670      710   1.99
  1998       105-109    0.62692  0.96677  1.42      25      24      38       39   1.59
  1998       110+       0.72778  1.00000  1.37       1       1       1        1   1.37
  1999           0      0.01163  0.01151  0.13  100000    1151   98994  7302609  73.03
  1999         1-4      0.00045  0.00181  1.87   98849     179  395014  7203615  72.87
  1999         5-9      0.00026  0.00128  2.35   98670     126  493015  6808600  69.00
  1999        10-14     0.00030  0.00148  2.66   98543     146  492376  6315585  64.09
  1999        15-19     0.00075  0.00377  2.86   98397     371  491195  5823210  59.18
  1999        20-24     0.00125  0.00625  2.59   98027     613  488660  5332015  54.39
  1999        25-29     0.00160  0.00798  2.56   97414     777  485172  4843355  49.72
  1999        30-34     0.00183  0.00910  2.55   96637     879  481033  4358182  45.10
  1999        35-39     0.00211  0.01049  2.58   95757    1004  476359  3877149  40.49
  1999        40-44     0.00301  0.01495  2.65   94753    1417  470429  3400790  35.89
  1999        45-49     0.00427  0.02113  2.66   93336    1972  462066  2930361  31.40
  1999        50-54     0.00651  0.03207  2.72   91364    2930  450154  2468295  27.02
  1999        55-59     0.01072  0.05227  2.62   88434    4622  431181  2018141  22.82
  1999        60-64     0.01545  0.07456  2.65   83812    6249  404393  1586960  18.93
  1999        65-69     0.02611  0.12295  2.63   77563    9537  365249  1182567  15.25
  1999        70-74     0.04004  0.18256  2.59   68026   12419  310154   817319  12.01
  1999        75-79     0.06756  0.28983  2.55   55607   16117  238563   507165   9.12
  1999        80-84     0.10587  0.41889  2.51   39491   16542  156243   268602   6.80
  1999        85-89     0.17046  0.58601  2.33   22949   13448   78891   112359   4.90
  1999        90-94     0.25854  0.74725  2.18    9501    7099   27459    33468   3.52
  1999        95-99     0.38594  0.87310  1.86    2401    2097    5432     6009   2.50
  1999       100-104    0.52228  0.94075  1.60     305     287     549      576   1.89
  1999       105-109    0.65654  0.97201  1.38      18      18      27       27   1.52
  1999       110+       0.75692  1.00000  1.32       1       1       1        1   1.32
  2000           0      0.01025  0.01015  0.13  100000    1015   99115  7371109  73.71
  2000         1-4      0.00053  0.00210  1.91   98985     208  395504  7271993  73.47
  2000         5-9      0.00025  0.00126  2.55   98777     124  493578  6876489  69.62
  2000        10-14     0.00025  0.00126  2.52   98652     125  492952  6382911  64.70
  2000        15-19     0.00077  0.00387  3.01   98528     381  491881  5889959  59.78
  2000        20-24     0.00129  0.00642  2.57   98147     630  489201  5398078  55.00
  2000        25-29     0.00152  0.00758  2.55   97517     739  485776  4908877  50.34
  2000        30-34     0.00173  0.00861  2.55   96778     833  481848  4423101  45.70
  2000        35-39     0.00202  0.01006  2.65   95945     966  477454  3941253  41.08
  2000        40-44     0.00288  0.01431  2.78   94979    1360  471879  3463799  36.47
  2000        45-49     0.00429  0.02123  2.62   93620    1987  463373  2991919  31.96
  2000        50-54     0.00640  0.03153  2.76   91632    2889  451696  2528546  27.59
  2000        55-59     0.00998  0.04875  2.66   88744    4326  433602  2076851  23.40
  2000        60-64     0.01484  0.07166  2.61   84417    6049  407633  1643249  19.47
  2000        65-69     0.02487  0.11753  2.67   78368    9210  370394  1235616  15.77
  2000        70-74     0.03829  0.17547  2.62   69158   12135  316927   865222  12.51
  2000        75-79     0.06201  0.26926  2.56   57023   15354  247617   548295   9.62
  2000        80-84     0.09613  0.38757  2.50   41669   16150  167996   300678   7.22
  2000        85-89     0.15505  0.55087  2.37   25520   14058   90665   132683   5.20
  2000        90-94     0.24719  0.72749  2.17   11462    8338   33732    42018   3.67
  2000        95-99     0.36149  0.85458  1.92    3123    2669    7384     8286   2.65
  2000       100-104    0.49578  0.93126  1.65     454     423     853      902   1.99
  2000       105-109    0.63169  0.96784  1.42      31      30      48       49   1.58
  2000       110+       0.73542  1.00000  1.36       1       1       1        1   1.36
  2001           0      0.00985  0.00976  0.13  100000     976   99150  7357983  73.58
  2001         1-4      0.00058  0.00232  1.51   99024     230  395524  7258833  73.30
  2001         5-9      0.00024  0.00121  2.40   98794     119  493660  6863309  69.47
  2001        10-14     0.00026  0.00130  2.75   98675     128  493085  6369649  64.55
  2001        15-19     0.00083  0.00413  2.88   98547     407  491871  5876563  59.63
  2001        20-24     0.00134  0.00669  2.46   98140     657  489032  5384692  54.87
  2001        25-29     0.00153  0.00762  2.46   97483     743  485526  4895660  50.22
  2001        30-34     0.00183  0.00909  2.55   96741     879  481546  4410134  45.59
  2001        35-39     0.00214  0.01067  2.65   95861    1022  476899  3928587  40.98
  2001        40-44     0.00284  0.01411  2.65   94839    1339  471043  3451688  36.40
  2001        45-49     0.00419  0.02073  2.60   93500    1938  462859  2980645  31.88
  2001        50-54     0.00651  0.03208  2.70   91562    2937  451051  2517786  27.50
  2001        55-59     0.01036  0.05056  2.64   88625    4481  432555  2066735  23.32
  2001        60-64     0.01587  0.07641  2.57   84144    6430  405079  1634180  19.42
  2001        65-69     0.02517  0.11894  2.68   77714    9243  367159  1229102  15.82
  2001        70-74     0.03902  0.17815  2.56   68471   12198  312585   861943  12.59
  2001        75-79     0.06021  0.26320  2.61   56273   14811  245995   549359   9.76
  2001        80-84     0.09641  0.38776  2.48   41462   16077  166750   303364   7.32
  2001        85-89     0.15368  0.54583  2.35   25385   13856   90160   136613   5.38
  2001        90-94     0.22101  0.68676  2.24   11529    7918   35826    46453   4.03
  2001        95-99     0.32260  0.81768  1.98    3611    2953    9154    10627   2.94
  2001       100-104    0.43720  0.90312  1.75     658     595    1360     1473   2.24
  2001       105-109    0.55928  0.95087  1.53      64      61     108      113   1.77
  2001       110+       0.65744  1.00000  1.52       3       3       5        5   1.52
  2002           0      0.00968  0.00960  0.13  100000     960   99165  7407737  74.08
  2002         1-4      0.00052  0.00206  1.64   99040     204  395677  7308572  73.79
  2002         5-9      0.00022  0.00110  2.42   98836     109  493899  6912895  69.94
  2002        10-14     0.00032  0.00160  2.93   98727     158  493309  6418996  65.02
  2002        15-19     0.00075  0.00374  2.89   98569     368  492068  5925687  60.12
  2002        20-24     0.00129  0.00643  2.55   98201     631  489455  5433619  55.33
  2002        25-29     0.00148  0.00740  2.55   97570     722  486078  4944164  50.67
  2002        30-34     0.00162  0.00806  2.51   96848     781  482297  4458087  46.03
  2002        35-39     0.00203  0.01010  2.57   96067     971  477977  3975789  41.39
  2002        40-44     0.00278  0.01380  2.65   95097    1313  472403  3497813  36.78
  2002        45-49     0.00408  0.02024  2.71   93784    1898  464570  3025409  32.26
  2002        50-54     0.00599  0.02952  2.67   91886    2713  453120  2560840  27.87
  2002        55-59     0.00997  0.04873  2.69   89173    4346  435818  2107720  23.64
  2002        60-64     0.01491  0.07196  2.60   84828    6104  409484  1671902  19.71
  2002        65-69     0.02416  0.11447  2.70   78724    9011  372911  1262418  16.04
  2002        70-74     0.03862  0.17672  2.60   69713   12320  319025   889507  12.76
  2002        75-79     0.05794  0.25384  2.56   57393   14569  251464   570482   9.94
  2002        80-84     0.09455  0.38191  2.48   42824   16355  172978   319018   7.45
  2002        85-89     0.14511  0.52727  2.41   26469   13956   96179   146040   5.52
  2002        90-94     0.22508  0.69096  2.21   12513    8646   38412    49862   3.98
  2002        95-99     0.32013  0.81544  1.99    3867    3153    9850    11449   2.96
  2002       100-104    0.43640  0.90289  1.75     714     644    1477     1599   2.24
  2002       105-109    0.56048  0.95132  1.53      69      66     118      123   1.77
  2002       110+       0.66021  1.00000  1.51       3       3       5        5   1.51
  2003           0      0.00894  0.00887  0.13  100000     887   99230  7420736  74.21
  2003         1-4      0.00047  0.00189  1.40   99113     187  395966  7321507  73.87
  2003         5-9      0.00022  0.00112  2.39   98926     111  494339  6925541  70.01
  2003        10-14     0.00028  0.00141  2.72   98815     139  493757  6431202  65.08
  2003        15-19     0.00069  0.00347  2.79   98676     342  492622  5937445  60.17
  2003        20-24     0.00128  0.00636  2.54   98333     625  490128  5444823  55.37
  2003        25-29     0.00141  0.00703  2.56   97708     687  486867  4954695  50.71
  2003        30-34     0.00165  0.00820  2.59   97021     795  483190  4467827  46.05
  2003        35-39     0.00204  0.01013  2.56   96226     975  478746  3984638  41.41
  2003        40-44     0.00257  0.01279  2.57   95251    1218  473294  3505892  36.81
  2003        45-49     0.00401  0.01984  2.58   94032    1865  465646  3032598  32.25
  2003        50-54     0.00599  0.02953  2.61   92167    2722  454316  2566952  27.85
  2003        55-59     0.01002  0.04895  2.64   89445    4378  436902  2112636  23.62
  2003        60-64     0.01544  0.07441  2.59   85067    6330  410088  1675733  19.70
  2003        65-69     0.02320  0.11002  2.66   78736    8663  373425  1265645  16.07
  2003        70-74     0.03811  0.17430  2.55   70074   12214  320484   892220  12.73
  2003        75-79     0.05910  0.25787  2.53   57860   14920  252451   571736   9.88
  2003        80-84     0.09391  0.37989  2.49   42940   16312  173694   319286   7.44
  2003        85-89     0.14919  0.53751  2.40   26627   14312   95937   145592   5.47
  2003        90-94     0.22133  0.68697  2.24   12315    8460   38223    49655   4.03
  2003        95-99     0.31959  0.81483  1.99    3855    3141    9828    11432   2.97
  2003       100-104    0.43532  0.90226  1.76     714     644    1479     1603   2.25
  2003       105-109    0.55892  0.95087  1.53      70      66     119      124   1.78
  2003       110+       0.65835  1.00000  1.52       3       3       5        5   1.52
  2004           0      0.00989  0.00980  0.13  100000     980   99147  7430248  74.30
  2004         1-4      0.00045  0.00179  1.39   99020     177  395617  7331101  74.04
  2004         5-9      0.00023  0.00114  2.50   98843     113  493931  6935484  70.17
  2004        10-14     0.00026  0.00128  2.72   98730     126  493360  6441553  65.24
  2004        15-19     0.00077  0.00386  3.01   98603     381  492259  5948193  60.32
  2004        20-24     0.00120  0.00596  2.54   98222     586  489670  5455934  55.55
  2004        25-29     0.00130  0.00649  2.47   97636     633  486582  4966264  50.86
  2004        30-34     0.00165  0.00823  2.59   97003     798  483095  4479682  46.18
  2004        35-39     0.00196  0.00976  2.62   96205     939  478786  3996587  41.54
  2004        40-44     0.00269  0.01334  2.56   95266    1271  473231  3517801  36.93
  2004        45-49     0.00391  0.01935  2.65   93995    1819  465704  3044570  32.39
  2004        50-54     0.00594  0.02931  2.62   92176    2702  454452  2578866  27.98
  2004        55-59     0.00938  0.04590  2.65   89474    4106  437702  2124414  23.74
  2004        60-64     0.01486  0.07184  2.67   85368    6133  412566  1686712  19.76
  2004        65-69     0.02231  0.10599  2.64   79235    8398  376368  1274146  16.08
  2004        70-74     0.03918  0.17896  2.58   70837   12677  323543   897778  12.67
  2004        75-79     0.05865  0.25742  2.63   58160   14972  255273   574235   9.87
  2004        80-84     0.09224  0.37451  2.49   43188   16175  175362   318962   7.39
  2004        85-89     0.15153  0.54389  2.41   27014   14693   96960   143600   5.32
  2004        90-94     0.23809  0.71443  2.20   12321    8803   36972    46640   3.79
  2004        95-99     0.34757  0.84264  1.94    3519    2965    8530     9668   2.75
  2004       100-104    0.47844  0.92409  1.68     554     512    1069     1138   2.05
  2004       105-109    0.61319  0.96424  1.45      42      41      66       68   1.62
  2004       110+       0.71762  1.00000  1.39       2       2       2        2   1.39
  2005           0      0.00916  0.00909  0.13  100000     909   99210  7474011  74.74
  2005         1-4      0.00041  0.00162  1.48   99091     161  395960  7374801  74.42
  2005         5-9      0.00021  0.00106  2.52   98930     105  494391  6978841  70.54
  2005        10-14     0.00023  0.00114  2.81   98825     113  493880  6484450  65.62
  2005        15-19     0.00078  0.00388  2.95   98713     383  492778  5990570  60.69
  2005        20-24     0.00120  0.00597  2.56   98329     587  490214  5497793  55.91
  2005        25-29     0.00131  0.00655  2.52   97743     640  487125  5007579  51.23
  2005        30-34     0.00161  0.00803  2.60   97103     780  483639  4520454  46.55
  2005        35-39     0.00196  0.00976  2.60   96323     940  479360  4036815  41.91
  2005        40-44     0.00255  0.01268  2.57   95382    1210  473974  3557455  37.30
  2005        45-49     0.00370  0.01833  2.67   94173    1727  466841  3083481  32.74
  2005        50-54     0.00544  0.02686  2.67   92446    2483  456438  2616641  28.30
  2005        55-59     0.00901  0.04415  2.72   89963    3972  440749  2160203  24.01
  2005        60-64     0.01445  0.06987  2.66   85991    6008  415901  1719454  20.00
  2005        65-69     0.02201  0.10457  2.61   79982    8364  379933  1303553  16.30
  2005        70-74     0.03745  0.17186  2.61   71619   12308  328697   923619  12.90
  2005        75-79     0.05783  0.25308  2.54   59311   15010  259566   594922  10.03
  2005        80-84     0.09032  0.36898  2.52   44300   16346  180977   335357   7.57
  2005        85-89     0.14288  0.52200  2.42   27954   14592  102127   154380   5.52
  2005        90-94     0.22942  0.69836  2.20   13362    9331   40674    52252   3.91
  2005        95-99     0.33066  0.82678  1.98    4031    3332   10078    11578   2.87
  2005       100-104    0.45615  0.91370  1.72     698     638    1399     1500   2.15
  2005       105-109    0.58809  0.95868  1.48      60      58      98      102   1.69
  2005       110+       0.69229  1.00000  1.44       2       2       4        4   1.44
  2006           0      0.00865  0.00858  0.13  100000     858   99255  7520726  75.21
  2006         1-4      0.00044  0.00175  1.57   99142     174  396145  7421471  74.86
  2006         5-9      0.00021  0.00107  2.40   98968     106  494565  7025326  70.99
  2006        10-14     0.00025  0.00125  2.84   98862     124  494044  6530760  66.06
  2006        15-19     0.00071  0.00354  2.83   98738     349  492934  6036717  61.14
  2006        20-24     0.00115  0.00573  2.62   98389     564  490600  5543782  56.35
  2006        25-29     0.00132  0.00658  2.57   97825     644  487560  5053182  51.66
  2006        30-34     0.00157  0.00780  2.53   97181     758  484032  4565621  46.98
  2006        35-39     0.00190  0.00948  2.68   96423     914  479993  4081589  42.33
  2006        40-44     0.00263  0.01304  2.63   95509    1246  474589  3601596  37.71
  2006        45-49     0.00346  0.01715  2.68   94263    1617  467570  3127007  33.17
  2006        50-54     0.00551  0.02718  2.69   92647    2518  457426  2659437  28.71
  2006        55-59     0.00854  0.04190  2.76   90128    3776  442177  2202010  24.43
  2006        60-64     0.01389  0.06729  2.67   86352    5811  418226  1759834  20.38
  2006        65-69     0.02133  0.10148  2.61   80542    8173  383194  1341608  16.66
  2006        70-74     0.03505  0.16190  2.64   72368   11717  334249   958414  13.24
  2006        75-79     0.05498  0.24229  2.55   60652   14696  267268   624165  10.29
  2006        80-84     0.08613  0.35425  2.50   45956   16280  189012   356898   7.77
  2006        85-89     0.13939  0.51199  2.41   29676   15194  109006   167885   5.66
  2006        90-94     0.21890  0.68417  2.26   14482    9908   45264    58879   4.07
  2006        95-99     0.31755  0.81359  2.00    4574    3721   11718    13614   2.98
  2006       100-104    0.43970  0.90526  1.75     853     772    1755     1896   2.22
  2006       105-109    0.57010  0.95422  1.51      81      77     135      141   1.74
  2006       110+       0.67433  1.00000  1.48       4       4       5        5   1.48
  2007           0      0.00961  0.00953  0.13  100000     953   99171  7468318  74.68
  2007         1-4      0.00035  0.00141  1.55   99047     140  395843  7369148  74.40
  2007         5-9      0.00021  0.00103  2.49   98907     102  494277  6973305  70.50
  2007        10-14     0.00023  0.00113  2.50   98805     112  493744  6479028  65.57
  2007        15-19     0.00070  0.00350  2.76   98693     345  492691  5985284  60.65
  2007        20-24     0.00114  0.00570  2.66   98348     560  490424  5492592  55.85
  2007        25-29     0.00140  0.00699  2.55   97787     684  487261  5002168  51.15
  2007        30-34     0.00154  0.00768  2.63   97104     745  483755  4514907  46.50
  2007        35-39     0.00197  0.00981  2.55   96358     945  479477  4031152  41.84
  2007        40-44     0.00262  0.01301  2.64   95413    1241  474139  3551675  37.22
  2007        45-49     0.00380  0.01884  2.65   94172    1774  466686  3077536  32.68
  2007        50-54     0.00555  0.02740  2.64   92398    2532  456004  2610850  28.26
  2007        55-59     0.00871  0.04271  2.72   89867    3838  440594  2154846  23.98
  2007        60-64     0.01480  0.07151  2.65   86028    6152  415678  1714252  19.93
  2007        65-69     0.02285  0.10836  2.63   79876    8656  378863  1298574  16.26
  2007        70-74     0.03498  0.16202  2.73   71221   11539  329857   919711  12.91
  2007        75-79     0.05878  0.25721  2.57   59681   15350  261152   589854   9.88
  2007        80-84     0.09207  0.37479  2.52   44331   16615  180460   328703   7.41
  2007        85-89     0.14934  0.53649  2.38   27716   14869   99567   148243   5.35
  2007        90-94     0.23832  0.71612  2.21   12847    9200   38604    48676   3.79
  2007        95-99     0.34557  0.84087  1.95    3647    3067    8874    10072   2.76
  2007       100-104    0.47605  0.92305  1.68     580     536    1125     1198   2.06
  2007       105-109    0.61071  0.96374  1.45      45      43      70       73   1.63
  2007       110+       0.71527  1.00000  1.40       2       2       2        2   1.40
  2008           0      0.00854  0.00848  0.13  100000     848   99265  7527777  75.28
  2008         1-4      0.00037  0.00148  1.46   99152     147  396237  7428512  74.92
  2008         5-9      0.00021  0.00106  2.48   99006     105  494762  7032276  71.03
  2008        10-14     0.00022  0.00112  2.87   98900     111  494265  6537513  66.10
  2008        15-19     0.00074  0.00368  2.91   98789     363  493188  6043248  61.17
  2008        20-24     0.00124  0.00620  2.61   98426     610  490674  5550060  56.39
  2008        25-29     0.00130  0.00646  2.54   97816     632  487526  5059386  51.72
  2008        30-34     0.00164  0.00818  2.57   97184     795  483992  4571861  47.04
  2008        35-39     0.00195  0.00971  2.59   96389     936  479694  4087869  42.41
  2008        40-44     0.00259  0.01286  2.60   95453    1228  474320  3608175  37.80
  2008        45-49     0.00370  0.01834  2.59   94226    1729  466960  3133855  33.26
  2008        50-54     0.00573  0.02826  2.66   92497    2614  456377  2666895  28.83
  2008        55-59     0.00839  0.04116  2.67   89883    3699  440783  2210517  24.59
  2008        60-64     0.01414  0.06842  2.63   86184    5896  416926  1769734  20.53
  2008        65-69     0.02200  0.10452  2.62   80288    8392  381471  1352808  16.85
  2008        70-74     0.03295  0.15294  2.66   71896   10996  333694   971338  13.51
  2008        75-79     0.05393  0.23839  2.57   60900   14518  269227   637644  10.47
  2008        80-84     0.08422  0.34846  2.52   46382   16162  191905   368416   7.94
  2008        85-89     0.13445  0.50026  2.44   30219   15118  112439   176511   5.84
  2008        90-94     0.20724  0.66434  2.30   15102   10033   48411    64073   4.24
  2008        95-99     0.30437  0.79926  2.03    5069    4052   13311    15661   3.09
  2008       100-104    0.42217  0.89530  1.78    1018     911    2158     2350   2.31
  2008       105-109    0.54986  0.94859  1.55     107     101     184      192   1.80
  2008       110+       0.65320  1.00000  1.53       5       5       8        8   1.53
  2009           0      0.00886  0.00879  0.13  100000     879   99237  7545279  75.45
  2009         1-4      0.00037  0.00147  1.62   99121     146  396138  7446043  75.12
  2009         5-9      0.00018  0.00090  2.45   98975      89  494649  7049905  71.23
  2009        10-14     0.00022  0.00108  2.83   98886     107  494198  6555256  66.29
  2009        15-19     0.00073  0.00367  2.89   98779     362  493131  6061059  61.36
  2009        20-24     0.00124  0.00619  2.56   98416     609  490599  5567928  56.58
  2009        25-29     0.00138  0.00688  2.58   97807     673  487408  5077329  51.91
  2009        30-34     0.00147  0.00730  2.58   97134     709  483957  4589921  47.25
  2009        35-39     0.00185  0.00920  2.54   96425     887  479941  4105964  42.58
  2009        40-44     0.00263  0.01306  2.61   95538    1248  474705  3626023  37.95
  2009        45-49     0.00375  0.01860  2.65   94290    1754  467330  3151318  33.42
  2009        50-54     0.00559  0.02760  2.64   92536    2554  456645  2683988  29.00
  2009        55-59     0.00845  0.04140  2.61   89982    3725  441020  2227343  24.75
  2009        60-64     0.01360  0.06590  2.67   86257    5685  418014  1786323  20.71
  2009        65-69     0.02141  0.10191  2.64   80572    8211  383490  1368309  16.98
  2009        70-74     0.03166  0.14716  2.61   72362   10649  336389   984819  13.61
  2009        75-79     0.05356  0.23692  2.57   61713   14621  272973   648430  10.51
  2009        80-84     0.08344  0.34599  2.53   47092   16294  195285   375457   7.97
  2009        85-89     0.13179  0.49139  2.41   30799   15134  114832   180172   5.85
  2009        90-94     0.21071  0.66466  2.22   15664   10412   49413    65340   4.17
  2009        95-99     0.31072  0.80659  2.02    5253    4237   13636    15927   3.03
  2009       100-104    0.43300  0.90177  1.76    1016     916    2116     2291   2.26
  2009       105-109    0.56447  0.95283  1.52     100      95     168      175   1.76
  2009       110+       0.66995  1.00000  1.49       5       5       7        7   1.49
  2010           0      0.00816  0.00810  0.13  100000     810   99298  7537963  75.38
  2010         1-4      0.00035  0.00140  1.63   99190     139  396432  7438665  74.99
  2010         5-9      0.00019  0.00094  2.41   99051      93  495017  7042233  71.10
  2010        10-14     0.00021  0.00105  2.78   98958     104  494560  6547217  66.16
  2010        15-19     0.00073  0.00363  2.80   98854     358  493482  6052657  61.23
  2010        20-24     0.00114  0.00566  2.59   98496     558  491135  5559175  56.44
  2010        25-29     0.00130  0.00646  2.50   97938     632  488106  5068040  51.75
  2010        30-34     0.00143  0.00711  2.58   97305     692  484854  4579934  47.07
  2010        35-39     0.00182  0.00908  2.62   96614     877  480982  4095080  42.39
  2010        40-44     0.00261  0.01296  2.64   95736    1240  475752  3614098  37.75
  2010        45-49     0.00380  0.01882  2.68   94496    1778  468347  3138346  33.21
  2010        50-54     0.00549  0.02711  2.67   92717    2513  457723  2669999  28.80
  2010        55-59     0.00830  0.04070  2.68   90204    3671  442489  2212276  24.53
  2010        60-64     0.01351  0.06547  2.67   86533    5666  419489  1769787  20.45
  2010        65-69     0.02113  0.10066  2.66   80867    8140  385282  1350298  16.70
  2010        70-74     0.03269  0.15148  2.58   72727   11016  337021   965016  13.27
  2010        75-79     0.05628  0.24826  2.63   61711   15320  272228   627995  10.18
  2010        80-84     0.08614  0.35479  2.52   46390   16459  191061   355767   7.67
  2010        85-89     0.14391  0.52409  2.41   29932   15687  109005   164706   5.50
  2010        90-94     0.22736  0.70117  2.27   14245    9988   43931    55701   3.91
  2010        95-99     0.34467  0.84072  1.95    4257    3579   10383    11770   2.77
  2010       100-104    0.48041  0.92535  1.68     678     627    1306     1387   2.05
  2010       105-109    0.62008  0.96582  1.44      51      49      79       81   1.60
  2010       110+       0.72755  1.00000  1.37       2       2       2        2   1.37
  2011           0      0.00809  0.00803  0.13  100000     803   99304  7612355  76.12
  2011         1-4      0.00030  0.00121  1.47   99197     120  396484  7513051  75.74
  2011         5-9      0.00015  0.00076  2.31   99077      75  495183  7116567  71.83
  2011        10-14     0.00022  0.00111  2.89   99002     110  494779  6621384  66.88
  2011        15-19     0.00068  0.00340  2.92   98892     336  493761  6126605  61.95
  2011        20-24     0.00111  0.00555  2.66   98556     547  491504  5632844  57.15
  2011        25-29     0.00119  0.00591  2.72   98010     580  488726  5141340  52.46
  2011        30-34     0.00136  0.00678  2.51   97430     660  485504  4652613  47.75
  2011        35-39     0.00182  0.00905  2.64   96770     876  481782  4167109  43.06
  2011        40-44     0.00240  0.01193  2.67   95894    1144  476803  3685327  38.43
  2011        45-49     0.00342  0.01698  2.64   94749    1609  469950  3208524  33.86
  2011        50-54     0.00517  0.02554  2.72   93140    2379  460270  2738574  29.40
  2011        55-59     0.00815  0.03996  2.65   90762    3627  445277  2278304  25.10
  2011        60-64     0.01300  0.06313  2.70   87135    5501  423031  1833028  21.04
  2011        65-69     0.02018  0.09638  2.67   81634    7868  389855  1409996  17.27
  2011        70-74     0.03047  0.14203  2.61   73766   10477  343823  1020141  13.83
  2011        75-79     0.05093  0.22707  2.62   63289   14371  282185   676318  10.69
  2011        80-84     0.08037  0.33472  2.50   48918   16374  203735   394133   8.06
  2011        85-89     0.13043  0.48952  2.45   32544   15931  122142   190398   5.85
  2011        90-94     0.21443  0.67469  2.25   16613   11209   52272    68256   4.11
  2011        95-99     0.31921  0.81619  2.01    5404    4411   13819    15984   2.96
  2011       100-104    0.44886  0.91066  1.74     993     905    2015     2166   2.18
  2011       105-109    0.58651  0.95861  1.49      89      85     145      150   1.69
  2011       110+       0.69529  1.00000  1.44       4       4       5        5   1.44
  2012           0      0.00780  0.00775  0.13  100000     775   99329  7628699  76.29
  2012         1-4      0.00032  0.00129  1.61   99225     128  396593  7529371  75.88
  2012         5-9      0.00017  0.00085  2.65   99097      84  495285  7132778  71.98
  2012        10-14     0.00021  0.00106  2.69   99013     105  494820  6637492  67.04
  2012        15-19     0.00062  0.00312  2.90   98907     309  493888  6142673  62.11
  2012        20-24     0.00091  0.00455  2.54   98599     448  491889  5648785  57.29
  2012        25-29     0.00112  0.00557  2.61   98150     546  489443  5156896  52.54
  2012        30-34     0.00135  0.00671  2.52   97604     655  486395  4667452  47.82
  2012        35-39     0.00171  0.00851  2.66   96949     825  482816  4181057  43.13
  2012        40-44     0.00238  0.01182  2.67   96124    1137  477967  3698241  38.47
  2012        45-49     0.00342  0.01696  2.60   94987    1611  471069  3220274  33.90
  2012        50-54     0.00525  0.02592  2.67   93376    2421  461238  2749205  29.44
  2012        55-59     0.00801  0.03931  2.66   90956    3576  446406  2287966  25.15
  2012        60-64     0.01174  0.05710  2.65   87380    4989  425180  1841560  21.08
  2012        65-69     0.02046  0.09761  2.66   82390    8042  393167  1416381  17.19
  2012        70-74     0.03136  0.14592  2.62   74348   10849  345939  1023214  13.76
  2012        75-79     0.05094  0.22708  2.61   63499   14419  283042   677275  10.67
  2012        80-84     0.08115  0.33845  2.55   49080   16611  204691   394233   8.03
  2012        85-89     0.13185  0.49380  2.46   32469   16033  121607   189542   5.84
  2012        90-94     0.21273  0.67081  2.25   16436   11025   51827    67935   4.13
  2012        95-99     0.31689  0.81364  2.01    5410    4402   13892    16109   2.98
  2012       100-104    0.44477  0.90845  1.74    1008     916    2060     2217   2.20
  2012       105-109    0.58100  0.95724  1.50      92      88     152      158   1.71
  2012       110+       0.68910  1.00000  1.45       4       4       6        6   1.45
  2013           0      0.00785  0.00779  0.13  100000     779   99325  7639485  76.39
  2013         1-4      0.00031  0.00124  1.62   99221     123  396590  7540160  75.99
  2013         5-9      0.00016  0.00082  2.51   99098      81  495286  7143570  72.09
  2013        10-14     0.00021  0.00106  2.98   99016     105  494870  6648284  67.14
  2013        15-19     0.00063  0.00313  2.88   98911     310  493900  6153414  62.21
  2013        20-24     0.00096  0.00481  2.52   98601     474  491832  5659514  57.40
  2013        25-29     0.00107  0.00533  2.56   98127     523  489358  5167682  52.66
  2013        30-34     0.00132  0.00659  2.49   97604     643  486406  4678324  47.93
  2013        35-39     0.00169  0.00842  2.60   96961     817  482841  4191918  43.23
  2013        40-44     0.00241  0.01198  2.63   96144    1152  477993  3709078  38.58
  2013        45-49     0.00356  0.01763  2.67   94992    1675  471059  3231085  34.01
  2013        50-54     0.00527  0.02605  2.70   93317    2431  460982  2760026  29.58
  2013        55-59     0.00788  0.03866  2.66   90886    3514  446201  2299044  25.30
  2013        60-64     0.01257  0.06105  2.64   87372    5334  424250  1852843  21.21
  2013        65-69     0.01985  0.09479  2.63   82038    7777  391774  1428592  17.41
  2013        70-74     0.03125  0.14534  2.60   74261   10793  345411  1036818  13.96
  2013        75-79     0.04854  0.21734  2.59   63468   13794  284148   691407  10.89
  2013        80-84     0.07923  0.33219  2.57   49674   16501  208273   407259   8.20
  2013        85-89     0.12791  0.48355  2.48   33173   16041  125408   198986   6.00
  2013        90-94     0.20179  0.64832  2.24   17132   11107   55044    73579   4.29
  2013        95-99     0.30523  0.80100  2.03    6025    4826   15811    18535   3.08
  2013       100-104    0.42941  0.90006  1.77    1199    1079    2513     2724   2.27
  2013       105-109    0.56360  0.95276  1.53     120     114     203      211   1.76
  2013       110+       0.67136  1.00000  1.49       6       6       8        8   1.49
  2014           0      0.00786  0.00780  0.13  100000     780   99324  7655937  76.56
  2014         1-4      0.00032  0.00129  1.82   99220     128  396600  7556613  76.16
  2014         5-9      0.00016  0.00080  2.38   99092      79  495252  7160012  72.26
  2014        10-14     0.00020  0.00098  2.78   99013      97  494847  6664761  67.31
  2014        15-19     0.00063  0.00315  2.83   98915     311  493899  6169914  62.38
  2014        20-24     0.00099  0.00492  2.61   98604     486  491858  5676015  57.56
  2014        25-29     0.00117  0.00581  2.59   98118     570  489218  5184157  52.84
  2014        30-34     0.00136  0.00679  2.66   97548     663  486187  4694939  48.13
  2014        35-39     0.00163  0.00811  2.64   96885     786  482574  4208752  43.44
  2014        40-44     0.00233  0.01161  2.57   96099    1115  477784  3726178  38.77
  2014        45-49     0.00342  0.01697  2.64   94984    1612  471115  3248395  34.20
  2014        50-54     0.00504  0.02492  2.69   93372    2327  461475  2777279  29.74
  2014        55-59     0.00781  0.03835  2.66   91045    3492  447056  2315804  25.44
  2014        60-64     0.01203  0.05847  2.64   87553    5119  425667  1868748  21.34
  2014        65-69     0.02001  0.09547  2.61   82434    7870  393388  1443081  17.51
  2014        70-74     0.03073  0.14318  2.62   74564   10676  347447  1049693  14.08
  2014        75-79     0.04752  0.21339  2.61   63888   13633  286910   702245  10.99
  2014        80-84     0.07749  0.32524  2.53   50255   16345  210922   415335   8.26
  2014        85-89     0.12524  0.47502  2.46   33910   16108  128613   204413   6.03
  2014        90-94     0.20423  0.65445  2.26   17802   11651   57047    75800   4.26
  2014        95-99     0.30821  0.80460  2.03    6152    4950   16059    18753   3.05
  2014       100-104    0.43565  0.90375  1.76    1202    1086    2494     2694   2.24
  2014       105-109    0.57272  0.95527  1.51     116     111     193      201   1.73
  2014       110+       0.68213  1.00000  1.47       5       5       8        8   1.47
  2015           0      0.00759  0.00754  0.13  100000     754   99347  7680523  76.81
  2015         1-4      0.00026  0.00104  1.51   99246     103  396728  7581176  76.39
  2015         5-9      0.00016  0.00078  2.39   99143      77  495514  7184448  72.47
  2015        10-14     0.00018  0.00091  2.81   99066      90  495132  6688934  67.52
  2015        15-19     0.00068  0.00340  2.92   98976     337  494180  6193802  62.58
  2015        20-24     0.00091  0.00453  2.68   98639     447  492157  5699623  57.78
  2015        25-29     0.00116  0.00580  2.61   98192     570  489603  5207466  53.03
  2015        30-34     0.00130  0.00648  2.65   97623     633  486627  4717863  48.33
  2015        35-39     0.00164  0.00818  2.57   96990     794  483020  4231235  43.63
  2015        40-44     0.00228  0.01134  2.62   96196    1091  478382  3748215  38.96
  2015        45-49     0.00333  0.01650  2.68   95105    1569  471880  3269833  34.38
  2015        50-54     0.00515  0.02546  2.65   93536    2382  462074  2797954  29.91
  2015        55-59     0.00771  0.03786  2.63   91154    3451  447583  2335880  25.63
  2015        60-64     0.01212  0.05892  2.64   87703    5167  426317  1888297  21.53
  2015        65-69     0.01916  0.09168  2.65   82536    7567  394922  1461980  17.71
  2015        70-74     0.03006  0.14030  2.63   74969   10518  349923  1067057  14.23
  2015        75-79     0.04688  0.21047  2.57   64451   13565  289333   717135  11.13
  2015        80-84     0.07538  0.31833  2.56   50886   16198  214883   427802   8.41
  2015        85-89     0.12308  0.46740  2.43   34688   16213  131723   212918   6.14
  2015        90-94     0.19691  0.64170  2.29   18475   11855   60205    81196   4.39
  2015        95-99     0.29463  0.78897  2.06    6620    5223   17726    20991   3.17
  2015       100-104    0.41646  0.89251  1.80    1397    1247    2994     3265   2.34
  2015       105-109    0.54976  0.94892  1.55     150     142     259      271   1.80
  2015       110+       0.65776  1.00000  1.52       8       8      12       12   1.52
  2016           0      0.00747  0.00742  0.13  100000     742   99357  7718778  77.19
  2016         1-4      0.00025  0.00101  1.72   99258     100  396802  7619420  76.76
  2016         5-9      0.00014  0.00072  2.36   99157      71  495599  7222619  72.84
  2016        10-14     0.00017  0.00087  2.89   99086      86  495250  6727020  67.89
  2016        15-19     0.00059  0.00297  3.01   99000     294  494417  6231770  62.95
  2016        20-24     0.00094  0.00468  2.55   98706     462  492397  5737353  58.13
  2016        25-29     0.00110  0.00548  2.66   98244     538  489960  5244956  53.39
  2016        30-34     0.00133  0.00663  2.59   97706     648  486971  4754996  48.67
  2016        35-39     0.00174  0.00865  2.56   97058     840  483240  4268025  43.97
  2016        40-44     0.00237  0.01177  2.64   96219    1133  478416  3784786  39.34
  2016        45-49     0.00316  0.01567  2.65   95086    1490  471923  3306370  34.77
  2016        50-54     0.00490  0.02424  2.62   93596    2269  462588  2834446  30.28
  2016        55-59     0.00720  0.03540  2.68   91328    3233  449131  2371858  25.97
  2016        60-64     0.01153  0.05614  2.69   88095    4946  429035  1922728  21.83
  2016        65-69     0.01845  0.08848  2.67   83149    7357  398636  1493693  17.96
  2016        70-74     0.02832  0.13268  2.62   75792   10056  355053  1095057  14.45
  2016        75-79     0.04600  0.20730  2.62   65736   13627  296256   740004  11.26
  2016        80-84     0.07315  0.31018  2.55   52109   16163  220974   443747   8.52
  2016        85-89     0.12032  0.45981  2.44   35946   16528  137366   222774   6.20
  2016        90-94     0.19555  0.63935  2.29   19418   12415   63485    85407   4.40
  2016        95-99     0.29867  0.79416  2.05    7003    5561   18621    21922   3.13
  2016       100-104    0.42547  0.89822  1.78    1442    1295    3043     3302   2.29
  2016       105-109    0.56336  0.95291  1.53     147     140     248      258   1.76
  2016       110+       0.67414  1.00000  1.48       7       7      10       10   1.48
  2017           0      0.00752  0.00747  0.13  100000     747   99353  7740866  77.41
  2017         1-4      0.00025  0.00099  1.62   99253      98  396777  7641513  76.99
  2017         5-9      0.00012  0.00058  2.49   99155      57  495628  7244735  73.07
  2017        10-14     0.00016  0.00078  2.80   99097      77  495315  6749107  68.11
  2017        15-19     0.00060  0.00300  2.93   99020     297  494485  6253792  63.16
  2017        20-24     0.00094  0.00467  2.52   98723     461  492468  5759307  58.34
  2017        25-29     0.00108  0.00537  2.62   98262     528  490053  5266839  53.60
  2017        30-34     0.00127  0.00634  2.64   97734     620  487204  4776786  48.88
  2017        35-39     0.00157  0.00785  2.64   97114     762  483772  4289582  44.17
  2017        40-44     0.00220  0.01094  2.80   96352    1054  479438  3805811  39.50
  2017        45-49     0.00312  0.01550  2.63   95298    1477  472993  3326373  34.91
  2017        50-54     0.00470  0.02326  2.65   93821    2183  463983  2853379  30.41
  2017        55-59     0.00740  0.03638  2.66   91638    3334  450396  2389396  26.07
  2017        60-64     0.01111  0.05411  2.64   88304    4778  430250  1939000  21.96
  2017        65-69     0.01740  0.08361  2.66   83526    6984  401306  1508750  18.06
  2017        70-74     0.02795  0.13106  2.63   76542   10032  358955  1107443  14.47
  2017        75-79     0.04548  0.20492  2.59   66511   13630  299681   748488  11.25
  2017        80-84     0.07280  0.30907  2.56   52881   16344  224496   448808   8.49
  2017        85-89     0.12169  0.46551  2.48   36537   17008  139771   224311   6.14
  2017        90-94     0.19933  0.64843  2.31   19529   12663   63528    84540   4.33
  2017        95-99     0.30636  0.80316  2.04    6866    5514   17999    21012   3.06
  2017       100-104    0.43790  0.90539  1.76    1351    1224    2794     3013   2.23
  2017       105-109    0.57941  0.95715  1.50     128     122     211      219   1.71
  2017       110+       0.69181  1.00000  1.45       5       5       8        8   1.45
  2018           0      0.00730  0.00725  0.13  100000     725   99372  7769101  77.69
  2018         1-4      0.00033  0.00130  1.61   99275     129  396791  7669728  77.26
  2018         5-9      0.00010  0.00051  2.47   99146      50  495601  7272938  73.36
  2018        10-14     0.00016  0.00081  2.78   99095      80  495299  6777336  68.39
  2018        15-19     0.00055  0.00276  2.94   99015     274  494512  6282037  63.45
  2018        20-24     0.00093  0.00464  2.53   98742     458  492577  5787525  58.61
  2018        25-29     0.00114  0.00569  2.41   98283     559  489968  5294948  53.87
  2018        30-34     0.00133  0.00665  2.62   97724     650  487077  4804981  49.17
  2018        35-39     0.00164  0.00815  2.55   97074     791  483435  4317904  44.48
  2018        40-44     0.00210  0.01044  2.65   96283    1005  479054  3834469  39.82
  2018        45-49     0.00310  0.01541  2.62   95278    1468  472894  3355415  35.22
  2018        50-54     0.00468  0.02313  2.69   93810    2170  464041  2882521  30.73
  2018        55-59     0.00698  0.03432  2.67   91641    3145  450860  2418480  26.39
  2018        60-64     0.01077  0.05254  2.66   88495    4650  431585  1967620  22.23
  2018        65-69     0.01702  0.08181  2.65   83846    6859  403113  1536035  18.32
  2018        70-74     0.02757  0.12932  2.61   76986    9956  361174  1132922  14.72
  2018        75-79     0.04297  0.19498  2.63   67031   13070  304140   771749  11.51
  2018        80-84     0.07055  0.30117  2.57   53961   16252  230353   467608   8.67
  2018        85-89     0.11787  0.45412  2.47   37709   17124  145278   237255   6.29
  2018        90-94     0.19186  0.63491  2.34   20585   13070   68122    91977   4.47
  2018        95-99     0.29369  0.78857  2.06    7515    5926   20179    23855   3.17
  2018       100-104    0.42075  0.89561  1.79    1589    1423    3382     3676   2.31
  2018       105-109    0.55967  0.95200  1.53     166     158     282      294   1.77
  2018       110+       0.67159  1.00000  1.49       8       8      12       12   1.49
  2019           0      0.00698  0.00694  0.14  100000     694   99400  7774917  77.75
  2019         1-4      0.00033  0.00132  1.53   99306     131  396900  7675517  77.29
  2019         5-9      0.00016  0.00078  2.59   99175      78  495688  7278616  73.39
  2019        10-14     0.00018  0.00088  2.97   99097      87  495309  6782929  68.45
  2019        15-19     0.00061  0.00305  3.01   99010     302  494452  6287620  63.50
  2019        20-24     0.00093  0.00466  2.61   98708     460  492441  5793168  58.69
  2019        25-29     0.00118  0.00589  2.53   98248     579  489812  5300727  53.95
  2019        30-34     0.00132  0.00658  2.59   97669     643  486801  4810915  49.26
  2019        35-39     0.00163  0.00810  2.57   97027     786  483222  4324114  44.57
  2019        40-44     0.00212  0.01056  2.66   96241    1017  478821  3840892  39.91
  2019        45-49     0.00316  0.01568  2.68   95224    1493  472653  3362070  35.31
  2019        50-54     0.00474  0.02342  2.65   93731    2195  463505  2889417  30.83
  2019        55-59     0.00692  0.03404  2.65   91536    3116  450360  2425912  26.50
  2019        60-64     0.01100  0.05360  2.64   88420    4739  430916  1975552  22.34
  2019        65-69     0.01694  0.08146  2.65   83681    6816  402388  1544636  18.46
  2019        70-74     0.02711  0.12728  2.61   76865    9784  360947  1142247  14.86
  2019        75-79     0.04284  0.19454  2.64   67081   13050  304599   781300  11.65
  2019        80-84     0.06835  0.29300  2.56   54031   15831  231607   476701   8.82
  2019        85-89     0.11195  0.43588  2.46   38200   16651  148734   245094   6.42
  2019        90-94     0.19255  0.63613  2.33   21549   13708   71191    96360   4.47
  2019        95-99     0.28966  0.78401  2.07    7841    6148   21224    25170   3.21
  2019       100-104    0.41748  0.89385  1.80    1694    1514    3626     3946   2.33
  2019       105-109    0.55785  0.95160  1.54     180     171     307      320   1.78
  2019       110+       0.67111  1.00000  1.49       9       9      13       13   1.49
  2020           0      0.00610  0.00607  0.14  100000     607   99476  7636811  76.37
  2020         1-4      0.00028  0.00112  1.67   99393     111  397312  7537335  75.83
  2020         5-9      0.00013  0.00063  2.49   99282      62  496252  7140022  71.92
  2020        10-14     0.00014  0.00072  2.85   99220      72  495944  6643770  66.96
  2020        15-19     0.00053  0.00267  2.95   99148     265  495196  6147826  62.01
  2020        20-24     0.00100  0.00500  2.67   98883     495  493265  5652630  57.16
  2020        25-29     0.00119  0.00593  2.53   98389     583  490500  5159365  52.44
  2020        30-34     0.00141  0.00702  2.54   97805     686  487342  4668865  47.74
  2020        35-39     0.00181  0.00899  2.57   97119     873  483475  4181522  43.06
  2020        40-44     0.00242  0.01206  2.64   96246    1160  478493  3698047  38.42
  2020        45-49     0.00355  0.01760  2.63   95086    1673  471464  3219554  33.86
  2020        50-54     0.00556  0.02745  2.68   93412    2564  461121  2748090  29.42
  2020        55-59     0.00823  0.04035  2.64   90848    3666  445576  2286970  25.17
  2020        60-64     0.01306  0.06332  2.64   87183    5521  422874  1841394  21.12
  2020        65-69     0.02042  0.09740  2.63   81662    7954  389484  1418520  17.37
  2020        70-74     0.03174  0.14747  2.60   73708   10870  342496  1029036  13.96
  2020        75-79     0.04908  0.21915  2.56   62838   13771  280562   686541  10.93
  2020        80-84     0.07902  0.33028  2.52   49068   16206  205083   405978   8.27
  2020        85-89     0.12528  0.47400  2.43   32862   15577  124336   200895   6.11
  2020        90-94     0.19532  0.63828  2.29   17285   11033   56486    76559   4.43
  2020        95-99     0.29094  0.78400  2.06    6252    4902   16849    20073   3.21
  2020       100-104    0.40712  0.88622  1.81    1351    1197    2940     3224   2.39
  2020       105-109    0.53490  0.94415  1.57     154     145     271      285   1.85
  2020       110+       0.63926  1.00000  1.56       9       9      13       13   1.56
  2021           0      0.00561  0.00558  0.14  100000     558   99519  7563145  75.63
  2021         1-4      0.00028  0.00113  1.71   99442     112  397511  7463626  75.06
  2021         5-9      0.00013  0.00063  2.47   99330      62  496491  7066114  71.14
  2021        10-14     0.00017  0.00083  2.88   99267      82  496163  6569623  66.18
  2021        15-19     0.00051  0.00253  3.04   99185     251  495434  6073461  61.23
  2021        20-24     0.00106  0.00529  2.60   98934     523  493410  5578027  56.38
  2021        25-29     0.00130  0.00646  2.49   98410     635  490459  5084616  51.67
  2021        30-34     0.00153  0.00763  2.56   97775     746  487055  4594157  46.99
  2021        35-39     0.00194  0.00963  2.62   97029     935  482925  4107102  42.33
  2021        40-44     0.00283  0.01405  2.59   96095    1350  477218  3624177  37.71
  2021        45-49     0.00415  0.02057  2.69   94744    1949  469220  3146959  33.22
  2021        50-54     0.00646  0.03181  2.63   92795    2952  456981  2677739  28.86
  2021        55-59     0.00972  0.04750  2.62   89843    4268  439062  2220758  24.72
  2021        60-64     0.01385  0.06706  2.62   85575    5738  414238  1781696  20.82
  2021        65-69     0.02114  0.10062  2.61   79837    8033  380005  1367458  17.13
  2021        70-74     0.03312  0.15355  2.63   71804   11025  332860   987453  13.75
  2021        75-79     0.05027  0.22406  2.58   60779   13618  270880   654593  10.77
  2021        80-84     0.07969  0.33291  2.53   47161   15700  197008   383713   8.14
  2021        85-89     0.12911  0.48556  2.45   31461   15276  118319   186704   5.93
  2021        90-94     0.20664  0.65885  2.25   16185   10663   51603    68385   4.23
  2021        95-99     0.30951  0.80573  2.03    5521    4449   14373    16781   3.04
  2021       100-104    0.43502  0.90320  1.76    1073     969    2227     2408   2.24
  2021       105-109    0.56995  0.95444  1.52     104      99     174      181   1.74
  2021       110+       0.67784  1.00000  1.48       5       5       7        7   1.48
  2022           0      0.00668  0.00664  0.14  100000     664   99426  7627344  76.27
  2022         1-4      0.00028  0.00113  1.68   99336     112  397082  7527918  75.78
  2022         5-9      0.00016  0.00078  2.37   99223      77  495914  7130836  71.87
  2022        10-14     0.00018  0.00091  2.69   99146      91  495522  6634922  66.92
  2022        15-19     0.00066  0.00329  2.89   99056     325  494592  6139399  61.98
  2022        20-24     0.00119  0.00592  2.60   98730     585  492248  5644807  57.17
  2022        25-29     0.00132  0.00657  2.47   98146     644  489100  5152559  52.50
  2022        30-34     0.00155  0.00770  2.56   97501     751  485674  4663459  47.83
  2022        35-39     0.00186  0.00926  2.63   96750     895  481624  4177785  43.18
  2022        40-44     0.00256  0.01272  2.63   95855    1219  476388  3696161  38.56
  2022        45-49     0.00371  0.01839  2.62   94635    1740  469040  3219773  34.02
  2022        50-54     0.00546  0.02696  2.62   92895    2505  458518  2750733  29.61
  2022        55-59     0.00812  0.03985  2.62   90390    3602  443385  2292215  25.36
  2022        60-64     0.01179  0.05734  2.63   86788    4976  422140  1848830  21.30
  2022        65-69     0.01880  0.09001  2.65   81812    7364  391779  1426690  17.44
  2022        70-74     0.02929  0.13705  2.65   74448   10203  348302  1034911  13.90
  2022        75-79     0.04796  0.21528  2.62   64245   13830  288352   686610  10.69
  2022        80-84     0.08088  0.33708  2.53   50415   16994  210124   398258   7.90
  2022        85-89     0.13554  0.50217  2.42   33421   16783  123820   188134   5.63
  2022        90-94     0.23002  0.70254  2.23   16638   11689   50816    64314   3.87
  2022        95-99     0.34953  0.84592  1.95    4949    4187   11978    13497   2.73
  2022       100-104    0.49379  0.93138  1.66     763     710    1438     1520   1.99
  2022       105-109    0.64037  0.96979  1.41      52      51      79       81   1.55
  2022       110+       0.75084  1.00000  1.33       2       2       2        2   1.33
  2023           0      0.00691  0.00687  0.14  100000     687   99406  7778348  77.78
  2023         1-4      0.00033  0.00132  1.54   99313     131  396931  7678942  77.32
  2023         5-9      0.00015  0.00075  2.42   99182      74  495720  7282011  73.42
  2023        10-14     0.00016  0.00079  2.89   99108      79  495374  6786290  68.47
  2023        15-19     0.00060  0.00300  2.95   99029     297  494537  6290916  63.53
  2023        20-24     0.00107  0.00531  2.71   98733     524  492460  5796379  58.71
  2023        25-29     0.00128  0.00637  2.54   98208     626  489501  5303919  54.01
  2023        30-34     0.00139  0.00690  2.57   97582     674  486276  4814418  49.34
  2023        35-39     0.00171  0.00854  2.59   96908     827  482547  4328142  44.66
  2023        40-44     0.00231  0.01150  2.63   96081    1104  477783  3845595  40.02
  2023        45-49     0.00320  0.01589  2.59   94977    1509  471248  3367812  35.46
  2023        50-54     0.00474  0.02342  2.66   93467    2189  462210  2896564  30.99
  2023        55-59     0.00691  0.03401  2.65   91278    3104  449093  2434353  26.67
  2023        60-64     0.01112  0.05419  2.64   88174    4778  429582  1985261  22.52
  2023        65-69     0.01652  0.07955  2.67   83396    6634  401536  1555679  18.65
  2023        70-74     0.02586  0.12184  2.63   76762    9353  361641  1154143  15.04
  2023        75-79     0.04107  0.18705  2.62   67409   12609  306997   792502  11.76
  2023        80-84     0.06879  0.29460  2.56   54800   16144  234681   485505   8.86
  2023        85-89     0.11207  0.43719  2.49   38656   16900  150792   250824   6.49
  2023        90-94     0.18405  0.61724  2.33   21756   13429   72962   100031   4.60
  2023        95-99     0.28554  0.77882  2.08    8327    6486   22713    27069   3.25
  2023       100-104    0.41081  0.88962  1.81    1842    1639    3989     4356   2.36
  2023       105-109    0.54913  0.94906  1.55     203     193     351      367   1.81
  2023       110+       0.66138  1.00000  1.51      10      10      16       16   1.51
  2024           0      0.00629  0.00626  0.14  100000     626   99460  7784554  77.85
  2024         1-4      0.00030  0.00120  1.78   99374     119  397234  7685094  77.33
  2024         5-9      0.00014  0.00070  2.54   99256      70  496106  7287859  73.43
  2024        10-14     0.00018  0.00090  2.89   99186      89  495742  6791753  68.47
  2024        15-19     0.00059  0.00292  2.84   99097     290  494857  6296011  63.53
  2024        20-24     0.00103  0.00513  2.62   98807     507  492831  5801154  58.71
  2024        25-29     0.00120  0.00598  2.56   98301     588  490068  5308323  54.00
  2024        30-34     0.00137  0.00684  2.61   97712     668  486966  4818254  49.31
  2024        35-39     0.00173  0.00862  2.67   97044     837  483270  4331288  44.63
  2024        40-44     0.00232  0.01156  2.63   96207    1112  478405  3848018  40.00
  2024        45-49     0.00317  0.01571  2.63   95095    1494  471934  3369612  35.43
  2024        50-54     0.00449  0.02222  2.66   93601    2080  463143  2897678  30.96
  2024        55-59     0.00710  0.03493  2.62   91521    3197  449997  2434535  26.60
  2024        60-64     0.01076  0.05244  2.62   88325    4632  430583  1984538  22.47
  2024        65-69     0.01659  0.07983  2.63   83693    6681  402620  1553955  18.57
  2024        70-74     0.02579  0.12154  2.63   77011    9360  362907  1151334  14.95
  2024        75-79     0.04148  0.18867  2.61   67651   12764  307740   788427  11.65
  2024        80-84     0.07007  0.29912  2.56   54887   16418  234312   480688   8.76
  2024        85-89     0.11434  0.44329  2.47   38469   17053  149144   246376   6.40
  2024        90-94     0.18824  0.62475  2.31   21416   13380   71080    97231   4.54
  2024        95-99     0.28541  0.77840  2.08    8037    6256   21918    26151   3.25
  2024       100-104    0.40856  0.88800  1.82    1781    1581    3871     4234   2.38
  2024       105-109    0.54463  0.94763  1.56     199     189     347      363   1.82
  2024       110+       0.65533  1.00000  1.53      10      10      16       16   1.53
